2 1
3 2
5 1
6 2
7 4
8 2
10 1
11 2
12 2
13 5
14 4
15 2
17 1
18 2
19 6
20 2
21 6
22 6
23 4
24 2
26 1
27 2
28 4
29 5
30 2
31 8
32 4
33 4
34 4
35 2
37 1
38 2
39 2
40 2
41 3
42 2
43 10
44 8
45 6
46 12
47 4
48 2
50 1
51 2
52 6
53 5
54 6
55 4
56 2
57 6
58 7
59 6
60 4
61 11
62 4
63 2
65 1
66 2
67 10
68 2
69 8
70 6
71 8
72 2
73 7
74 5
75 4
76 12
77 6
78 4
79 4
80 2
82 1
83 2
84 2
85 5
86 10
87 2
88 6
89 5
90 2
91 8
92 8
93 10
94 16
95 4
96 4
97 11
98 4
99 2
101 1
102 2
103 12
104 2
105 2
106 9
107 6
108 8
109 15
110 2
111 6
112 6
113 9
114 6
115 10
116 10
117 6
118 10
119 4
120 2
122 1
123 2
124 16
125 5
126 4
127 12
128 4
129 10
130 3
131 6
132 2
133 16
134 14
135 8
136 4
137 9
138 4
139 18
140 4
141 4
142 4
143 2
145 1
146 2
147 2
148 2
149 9
150 2
151 20
152 2
153 8
154 10
155 4
156 2
157 17
158 8
159 10
160 8
161 10
162 10
163 18
164 6
165 6
166 22
167 4
168 2
170 1
171 2
172 16
173 5
174 4
175 6
176 4
177 8
178 6
179 14
180 4
181 21
182 2
183 6
184 12
185 5
186 10
187 6
188 8
189 4
190 14
191 16
192 4
193 13
194 4
195 2
197 1
198 2
199 20
200 2
201 14
202 7
203 2
204 8
205 8
206 8
207 8
208 6
209 8
210 2
211 26
212 14
213 12
214 26
215 4
216 6
217 16
218 5
219 4
220 4
221 6
222 4
223 4
224 2
226 1
227 2
228 2
229 5
230 2
231 2
232 6
233 11
234 8
235 2
236 12
237 10
238 8
239 12
240 2
241 17
242 10
243 10
244 26
245 10
246 10
247 12
248 4
249 16
250 7
251 14
252 4
253 22
254 4
255 2
257 1
258 2
259 10
260 2
261 16
262 14
263 12
264 2
265 9
266 4
267 6
268 20
269 3
270 6
271 24
272 2
273 6
274 7
275 6
276 12
277 21
278 6
279 8
280 6
281 13
282 8
283 18
284 16
285 6
286 10
287 4
288 2
290 1
291 2
292 10
293 5
294 6
295 12
296 6
297 10
298 11
299 4
300 4
301 26
302 16
303 6
304 12
305 4
306 2
307 14
308 6
309 26
310 16
311 16
312 4
313 17
314 7
315 4
316 8
317 11
318 4
319 14
320 4
321 4
322 4
323 2
325 1
326 2
327 2
328 2
329 12
330 2
331 34
332 8
333 2
334 28
335 4
336 2
337 19
338 5
339 10
340 14
341 14
342 2
343 16
344 10
345 10
346 5
347 14
348 8
349 7
350 6
351 12
352 8
353 15
354 10
355 12
356 14
357 6
358 26
359 4
360 2
362 1
363 2
364 12
365 5
366 12
367 20
368 4
369 12
370 3
371 6
372 6
373 5
374 6
375 10
376 16
377 4
378 8
379 30
380 2
381 6
382 24
383 8
384 8
385 16
386 12
387 6
388 14
389 9
390 4
391 16
392 4
393 20
394 21
395 4
396 4
397 21
398 4
399 2
401 1
402 2
403 10
404 2
405 2
406 14
407 6
408 2
409 21
410 2
411 10
412 20
413 8
414 8
415 16
416 8
417 18
418 6
419 18
420 2
421 37
422 14
423 8
424 18
425 7
426 12
427 4
428 12
429 12
430 14
431 16
432 8
433 21
434 4
435 4
436 30
437 6
438 4
439 4
440 2
442 1
443 2
444 2
445 5
446 16
447 2
448 2
449 17
450 8
451 10
452 10
453 10
454 34
455 2
456 6
457 25
458 3
459 10
460 12
461 15
462 2
463 32
464 10
465 10
466 22
467 14
468 8
469 10
470 6
471 14
472 14
473 4
474 14
475 10
476 8
477 20
478 36
479 12
480 4
481 13
482 4
483 2
485 1
486 2
487 28
488 2
489 22
490 10
491 22
492 8
493 9
494 10
495 2
496 16
497 10
498 6
499 6
500 14
501 28
502 14
503 8
504 4
505 4
506 2
507 6
508 32
509 19
510 6
511 20
512 12
513 16
514 6
515 10
516 10
517 22
518 6
519 18
520 6
521 19
522 10
523 22
524 20
525 6
526 40
527 4
528 2
530 1
531 2
532 10
533 5
534 10
535 12
536 10
537 20
538 7
539 8
540 8
541 39
542 16
543 10
544 4
545 6
546 6
547 26
548 14
549 18
550 16
551 6
552 2
553 26
554 11
555 8
556 36
557 5
558 12
559 20
560 4
561 14
562 18
563 10
564 4
565 13
566 18
567 6
568 4
569 19
570 4
571 42
572 4
573 4
574 4
575 2
577 1
578 2
579 2
580 2
581 24
582 2
583 10
584 2
585 8
586 23
587 14
588 2
589 40
590 6
591 10
592 2
593 13
594 10
595 10
596 22
597 22
598 10
599 28
600 2
601 31
602 6
603 10
604 44
605 12
606 20
607 24
608 8
609 12
610 9
611 14
612 8
613 33
614 26
615 4
616 10
617 15
618 6
619 38
620 4
621 6
622 20
623 4
624 2
626 1
627 2
628 26
629 5
630 2
631 48
632 4
633 18
634 23
635 2
636 12
637 22
638 8
639 16
640 12
641 21
642 6
643 22
644 10
645 10
646 4
647 16
648 6
649 30
650 2
651 6
652 36
653 19
654 16
655 16
656 10
657 18
658 8
659 6
660 6
661 39
662 22
663 4
664 22
665 10
666 16
667 14
668 8
669 38
670 14
671 10
672 4
673 31
674 4
675 2
677 1
678 2
679 16
680 2
681 24
682 10
683 14
684 8
685 15
686 16
687 10
688 12
689 2
690 6
691 38
692 14
693 8
694 46
695 8
696 8
697 3
698 9
699 14
700 16
701 5
702 2
703 10
704 8
705 10
706 8
707 8
708 12
709 15
710 8
711 4
712 6
713 14
714 10
715 10
716 28
717 12
718 40
719 28
720 4
721 40
722 14
723 4
724 42
725 6
726 4
727 4
728 2
730 1
731 2
732 2
733 5
734 12
735 2
736 8
737 14
738 2
739 46
740 6
741 10
742 14
743 8
744 10
745 14
746 13
747 2
748 12
749 26
750 16
751 52
752 8
753 24
754 9
755 4
756 2
757 11
758 18
759 6
760 10
761 7
762 10
763 22
764 32
765 10
766 44
767 12
768 8
769 37
770 4
771 22
772 30
773 11
774 10
775 12
776 4
777 4
778 13
779 10
780 4
781 18
782 4
783 2
785 1
786 2
787 18
788 2
789 24
790 20
791 2
792 2
793 4
794 11
795 4
796 44
797 11
798 2
799 4
800 8
801 20
802 12
803 6
804 10
805 18
806 14
807 14
808 18
809 21
810 8
811 38
812 2
813 6
814 28
815 12
816 8
817 6
818 5
819 10
820 12
821 29
822 6
823 44
824 12
825 14
826 24
827 10
828 6
829 17
830 10
831 18
832 12
833 14
834 22
835 26
836 10
837 6
838 14
839 4
840 2
842 1
843 2
844 48
845 5
846 16
847 10
848 6
849 30
850 4
851 12
852 8
853 23
854 8
855 4
856 26
857 17
858 4
859 46
860 4
861 16
862 40
863 20
864 12
865 19
866 8
867 6
868 8
869 28
870 2
871 24
872 10
873 18
874 8
875 16
876 8
877 15
878 16
879 18
880 4
881 25
882 8
883 46
884 8
885 4
886 54
887 12
888 4
889 42
890 4
891 8
892 8
893 22
894 4
895 4
896 4
897 4
898 4
899 2
901 1
902 2
903 2
904 2
905 2
906 2
907 42
908 8
909 8
910 2
911 24
912 2
913 32
914 5
915 2
916 14
917 16
918 10
919 60
920 2
921 34
922 19
923 6
924 8
925 5
926 28
927 8
928 16
929 19
930 2
931 22
932 22
933 8
934 14
935 8
936 8
937 33
938 10
939 10
940 8
941 17
942 8
943 6
944 16
945 10
946 30
947 22
948 10
949 27
950 16
951 18
952 8
953 21
954 14
955 16
956 32
957 6
958 36
959 4
960 2
962 1
963 2
964 34
965 5
966 6
967 32
968 6
969 16
970 9
971 22
972 20
973 8
974 32
975 4
976 18
977 19
978 10
979 10
980 10
981 30
982 6
983 8
984 10
985 5
986 3
987 4
988 16
989 32
990 4
991 60
992 2
993 6
994 6
995 12
996 20
997 13
998 18
999 18
1000 18
1001 14
1002 20
1003 6
1004 28
1005 18
1006 48
1007 6
1008 4
1009 5
1010 7
1011 8
1012 18
1013 17
1014 16
1015 8
1016 4
1017 24
1018 17
1019 26
1020 4
1021 49
1022 4
1023 2
1025 1
1026 2
1027 12
1028 2
1029 26
1030 26
1031 28
1032 2
1033 33
1034 6
1035 4
1036 10
1037 9
1038 16
1039 56
1040 2
1041 32
1042 5
1043 14
1044 20
1045 8
1046 26
1047 10
1048 18
1049 25
1050 6
1051 50
1052 16
1053 4
1054 36
1055 4
1056 2
1057 38
1058 16
1059 22
1060 14
1061 35
1062 10
1063 32
1064 8
1065 20
1066 15
1067 4
1068 12
1069 47
1070 14
1071 12
1072 24
1073 7
1074 14
1075 26
1076 6
1077 12
1078 4
1079 20
1080 6
1081 42
1082 13
1083 4
1084 44
1085 6
1086 4
1087 4
1088 2
1090 1
1091 2
1092 2
1093 5
1094 30
1095 2
1096 10
1097 15
1098 8
1099 28
1100 2
1101 10
1102 10
1103 24
1104 6
1105 5
1106 6
1107 10
1108 38
1109 27
1110 4
1111 2
1112 6
1113 12
1114 33
1115 14
1116 12
1117 41
1118 6
1119 14
1120 8
1121 32
1122 2
1123 30
1124 26
1125 28
1126 10
1127 8
1128 8
1129 5
1130 7
1131 16
1132 32
1133 10
1134 14
1135 32
1136 16
1137 26
1138 13
1139 4
1140 6
1141 58
1142 18
1143 16
1144 14
1145 5
1146 16
1147 24
1148 8
1149 12
1150 16
1151 20
1152 4
1153 43
1154 4
1155 2
1157 1
1158 2
1159 26
1160 2
1161 26
1162 12
1163 18
1164 8
1165 19
1166 16
1167 6
1168 10
1169 28
1170 6
1171 26
1172 14
1173 2
1174 46
1175 12
1176 6
1177 36
1178 6
1179 6
1180 16
1181 25
1182 20
1183 14
1184 12
1185 18
1186 12
1187 22
1188 6
1189 25
1190 2
1191 6
1192 26
1193 17
1194 22
1195 20
1196 6
1197 12
1198 44
1199 18
1200 8
1201 51
1202 6
1203 10
1204 22
1205 12
1206 10
1207 12
1208 12
1209 18
1210 18
1211 4
1212 16
1213 17
1214 28
1215 4
1216 20
1217 21
1218 4
1219 32
1220 4
1221 6
1222 26
1223 4
1224 2
1226 1
1227 2
1228 32
1229 5
1230 2
1231 44
1232 2
1233 24
1234 30
1235 2
1236 26
1237 35
1238 10
1239 2
1240 10
1241 15
1242 10
1243 8
1244 28
1245 10
1246 28
1247 8
1248 4
1249 45
1250 13
1251 14
1252 34
1253 10
1254 10
1255 24
1256 10
1257 8
1258 9
1259 26
1260 2
1261 27
1262 24
1263 10
1264 8
1265 10
1266 22
1267 16
1268 26
1269 16
1270 26
1271 10
1272 4
1273 36
1274 18
1275 8
1276 32
1277 21
1278 4
1279 60
1280 8
1281 18
1282 16
1283 26
1284 4
1285 29
1286 18
1287 4
1288 4
1289 35
1290 4
1291 62
1292 4
1293 4
1294 4
1295 2
1297 1
1298 2
1299 2
1300 2
1301 7
1302 2
1303 52
1304 2
1305 2
1306 25
1307 18
1308 2
1309 30
1310 18
1311 10
1312 8
1313 3
1314 2
1315 14
1316 16
1317 30
1318 50
1319 16
1320 2
1321 45
1322 11
1323 14
1324 64
1325 3
1326 6
1327 8
1328 8
1329 36
1330 14
1331 26
1332 2
1333 28
1334 22
1335 8
1336 32
1337 18
1338 14
1339 12
1340 12
1341 48
1342 8
1343 12
1344 8
1345 6
1346 16
1347 14
1348 42
1349 24
1350 12
1351 6
1352 10
1353 20
1354 27
1355 12
1356 20
1357 38
1358 12
1359 24
1360 10
1361 27
1362 18
1363 10
1364 14
1365 6
1366 70
1367 4
1368 2
1370 1
1371 2
1372 32
1373 5
1374 20
1375 22
1376 16
1377 18
1378 5
1379 18
1380 6
1381 67
1382 14
1383 10
1384 6
1385 11
1386 8
1387 6
1388 20
1389 10
1390 34
1391 16
1392 4
1393 4
1394 6
1395 8
1396 14
1397 20
1398 14
1399 40
1400 4
1401 40
1402 27
1403 8
1404 8
1405 4
1406 2
1407 6
1408 20
1409 37
1410 6
1411 18
1412 22
1413 30
1414 28
1415 20
1416 14
1417 17
1418 9
1419 6
1420 12
1421 8
1422 16
1423 44
1424 14
1425 4
1426 18
1427 22
1428 8
1429 11
1430 8
1431 6
1432 18
1433 23
1434 28
1435 10
1436 8
1437 28
1438 24
1439 36
1440 4
1441 48
1442 4
1443 2
1445 1
1446 2
1447 32
1448 2
1449 12
1450 9
1451 34
1452 8
1453 57
1454 20
1455 6
1456 12
1457 22
1458 26
1459 46
1460 14
1461 38
1462 4
1463 2
1464 12
1465 29
1466 15
1467 14
1468 40
1469 8
1470 6
1471 64
1472 6
1473 28
1474 34
1475 12
1476 16
1477 42
1478 6
1479 16
1480 6
1481 37
1482 2
1483 50
1484 6
1485 6
1486 16
1487 16
1488 10
1489 21
1490 5
1491 14
1492 18
1493 19
1494 14
1495 4
1496 6
1497 30
1498 26
1499 46
1500 20
1501 60
1502 20
1503 8
1504 16
1505 14
1506 18
1507 16
1508 4
1509 12
1510 20
1511 36
1512 8
1513 20
1514 13
1515 4
1516 76
1517 6
1518 4
1519 4
1520 2
1522 1
1523 2
1524 2
1525 5
1526 18
1527 2
1528 20
1529 28
1530 8
1531 58
1532 16
1533 10
1534 2
1535 12
1536 12
1537 20
1538 12
1539 10
1540 6
1541 36
1542 14
1543 52
1544 8
1545 14
1546 7
1547 2
1548 12
1549 69
1550 14
1551 18
1552 14
1553 15
1554 12
1555 32
1556 10
1557 28
1558 22
1559 28
1560 2
1561 60
1562 14
1563 22
1564 28
1565 17
1566 22
1567 12
1568 8
1569 46
1570 17
1571 22
1572 16
1573 10
1574 30
1575 6
1576 42
1577 26
1578 16
1579 70
1580 4
1581 14
1582 14
1583 32
1584 4
1585 25
1586 9
1587 8
1588 50
1589 44
1590 4
1591 32
1592 4
1593 8
1594 25
1595 4
1596 4
1597 49
1598 4
1599 2
1601 1
1602 2
1603 20
1604 2
1605 2
1606 18
1607 28
1608 2
1609 57
1610 2
1611 10
1612 20
1613 3
1614 24
1615 10
1616 2
1617 14
1618 9
1619 42
1620 2
1621 79
1622 26
1623 6
1624 14
1625 11
1626 30
1627 6
1628 6
1629 38
1630 18
1631 10
1632 8
1633 42
1634 14
1635 10
1636 42
1637 21
1638 4
1639 10
1640 2
1641 6
1642 29
1643 8
1644 16
1645 26
1646 8
1647 6
1648 28
1649 19
1650 12
1651 36
1652 12
1653 18
1654 6
1655 8
1656 10
1657 41
1658 11
1659 14
1660 36
1661 40
1662 16
1663 48
1664 16
1665 16
1666 6
1667 22
1668 18
1669 53
1670 14
1671 10
1672 6
1673 26
1674 24
1675 30
1676 36
1677 6
1678 32
1679 4
1680 2
1682 1
1683 2
1684 70
1685 5
1686 18
1687 20
1688 14
1689 48
1690 4
1691 14
1692 4
1693 33
1694 10
1695 10
1696 28
1697 17
1698 18
1699 66
1700 6
1701 8
1702 26
1703 12
1704 12
1705 4
1706 19
1707 6
1708 4
1709 43
1710 8
1711 24
1712 12
1713 34
1714 3
1715 18
1716 12
1717 8
1718 18
1719 28
1720 14
1721 27
1722 2
1723 38
1724 36
1725 16
1726 88
1727 10
1728 12
1729 30
1730 11
1731 14
1732 42
1733 31
1734 22
1735 8
1736 4
1737 26
1738 36
1739 16
1740 8
1741 69
1742 10
1743 4
1744 26
1745 7
1746 12
1747 54
1748 6
1749 22
1750 4
1751 8
1752 4
1753 45
1754 25
1755 6
1756 8
1757 4
1758 4
1759 80
1760 4
1761 4
1762 4
1763 2
1765 1
1766 2
1767 2
1768 2
1769 11
1770 2
1771 2
1772 8
1773 8
1774 64
1775 16
1776 2
1777 43
1778 2
1779 26
1780 14
1781 9
1782 10
1783 48
1784 16
1785 2
1786 42
1787 10
1788 8
1789 67
1790 6
1791 20
1792 2
1793 30
1794 14
1795 24
1796 34
1797 32
1798 22
1799 12
1800 8
1801 63
1802 4
1803 6
1804 36
1805 4
1806 2
1807 28
1808 14
1809 38
1810 19
1811 10
1812 10
1813 16
1814 34
1815 10
1816 38
1817 28
1818 18
1819 38
1820 8
1821 54
1822 48
1823 28
1824 6
1825 7
1826 14
1827 8
1828 46
1829 50
1830 10
1831 84
1832 6
1833 12
1834 32
1835 22
1836 24
1837 48
1838 24
1839 14
1840 12
1841 42
1842 18
1843 22
1844 30
1845 6
1846 34
1847 4
1848 2
1850 1
1851 2
1852 56
1853 5
1854 20
1855 10
1856 12
1857 38
1858 16
1859 20
1860 6
1861 21
1862 14
1863 14
1864 18
1865 11
1866 4
1867 30
1868 24
1869 20
1870 12
1871 48
1872 4
1873 53
1874 14
1875 16
1876 6
1877 15
1878 6
1879 68
1880 6
1881 20
1882 9
1883 8
1884 10
1885 4
1886 8
1887 8
1888 24
1889 27
1890 6
1891 36
1892 2
1893 6
1894 78
1895 16
1896 10
1897 8
1898 7
1899 26
1900 10
1901 5
1902 16
1903 18
1904 12
1905 26
1906 23
1907 6
1908 24
1909 16
1910 12
1911 10
1912 32
1913 29
1914 4
1915 34
1916 28
1917 16
1918 10
1919 18
1920 8
1921 27
1922 24
1923 18
1924 18
1925 4
1926 26
1927 32
1928 4
1929 18
1930 13
1931 18
1932 4
1933 51
1934 4
1935 2
1937 1
1938 2
1939 34
1940 2
1941 64
1942 30
1943 8
1944 2
1945 26
1946 12
1947 2
1948 56
1949 9
1950 10
1951 68
1952 8
1953 8
1954 8
1955 6
1956 18
1957 12
1958 2
1959 26
1960 10
1961 16
1962 20
1963 22
1964 44
1965 8
1966 60
1967 6
1968 8
1969 62
1970 5
1971 12
1972 22
1973 11
1974 8
1975 8
1976 10
1977 28
1978 28
1979 26
1980 2
1981 80
1982 24
1983 18
1984 14
1985 19
1986 22
1987 14
1988 14
1989 12
1990 36
1991 18
1992 14
1993 47
1994 17
1995 4
1996 12
1997 23
1998 16
1999 84
2000 14
2001 22
2002 12
2003 30
2004 32
2005 12
2006 16
2007 4
2008 18
2009 34
2010 4
2011 94
2012 16
2013 12
2014 36
2015 4
2016 4
2017 51
2018 12
2019 4
2020 4
2021 6
2022 4
2023 4
2024 2
2026 1
2027 2
2028 2
2029 5
2030 2
2031 2
2032 28
2033 20
2034 2
2035 2
2036 30
2037 10
2038 74
2039 44
2040 2
2041 36
2042 13
2043 2
2044 32
2045 10
2046 12
2047 12
2048 24
2049 44
2050 7
2051 24
2052 14
2053 61
2054 12
2055 2
2056 6
2057 6
2058 26
2059 44
2060 20
2061 10
2062 48
2063 24
2064 6
2065 28
2066 26
2067 4
2068 22
2069 11
2070 2
2071 34
2072 6
2073 42
2074 19
2075 14
2076 36
2077 18
2078 24
2079 14
2080 16
2081 11
2082 22
2083 74
2084 38
2085 10
2086 34
2087 28
2088 10
2089 21
2090 10
2091 10
2092 44
2093 4
2094 32
2095 44
2096 20
2097 36
2098 10
2099 10
2100 8
2101 6
2102 34
2103 6
2104 44
2105 12
2106 22
2107 24
2108 8
2109 26
2110 34
2111 36
2112 4
2113 45
2114 4
2115 2
2117 1
2118 2
2119 24
2120 2
2121 20
2122 31
2123 10
2124 8
2125 25
2126 36
2127 10
2128 10
2129 43
2130 8
2131 58
2132 14
2133 10
2134 4
2135 6
2136 14
2137 59
2138 5
2139 2
2140 28
2141 31
2142 8
2143 24
2144 16
2145 6
2146 21
2147 6
2148 16
2149 84
2150 20
2151 32
2152 18
2153 3
2154 24
2155 32
2156 16
2157 12
2158 30
2159 8
2160 8
2161 63
2162 2
2163 6
2164 82
2165 17
2166 18
2167 42
2168 16
2169 38
2170 6
2171 30
2172 14
2173 7
2174 52
2175 10
2176 12
2177 8
2178 6
2179 86
2180 6
2181 66
2182 38
2183 16
2184 6
2185 38
2186 19
2187 30
2188 56
2189 34
2190 8
2191 36
2192 14
2193 20
2194 50
2195 16
2196 18
2197 35
2198 16
2199 26
2200 16
2201 38
2202 18
2203 46
2204 16
2205 6
2206 80
2207 4
2208 2
2210 1
2211 2
2212 22
2213 5
2214 30
2215 20
2216 22
2217 30
2218 11
2219 18
2220 12
2221 27
2222 4
2223 10
2224 32
2225 10
2226 16
2227 34
2228 6
2229 40
2230 6
2231 12
2232 4
2233 6
2234 29
2235 12
2236 10
2237 37
2238 8
2239 68
2240 4
2241 12
2242 26
2243 18
2244 12
2245 30
2246 38
2247 6
2248 18
2249 11
2250 14
2251 6
2252 16
2253 42
2254 24
2255 4
2256 2
2257 21
2258 7
2259 10
2260 30
2261 6
2262 14
2263 8
2264 18
2265 30
2266 38
2267 26
2268 16
2269 29
2270 22
2271 26
2272 4
2273 19
2274 22
2275 6
2276 42
2277 18
2278 14
2279 22
2280 4
2281 63
2282 14
2283 18
2284 88
2285 11
2286 8
2287 48
2288 4
2289 14
2290 15
2291 26
2292 4
2293 65
2294 14
2295 8
2296 4
2297 35
2298 4
2299 12
2300 4
2301 4
2302 4
2303 2
2305 1
2306 2
2307 2
2308 2
2309 19
2310 2
2311 96
2312 2
2313 8
2314 21
2315 14
2316 2
2317 46
2318 12
2319 30
2320 2
2321 44
2322 10
2323 14
2324 28
2325 8
2326 94
2327 12
2328 2
2329 28
2330 7
2331 12
2332 14
2333 31
2334 12
2335 4
2336 2
2337 18
2338 8
2339 42
2340 8
2341 29
2342 26
2343 6
2344 42
2345 14
2346 18
2347 66
2348 20
2349 14
2350 28
2351 16
2352 2
2353 30
2354 26
2355 8
2356 38
2357 11
2358 18
2359 18
2360 10
2361 54
2362 5
2363 18
2364 24
2365 12
2366 18
2367 24
2368 8
2369 36
2370 18
2371 66
2372 26
2373 12
2374 94
2375 22
2376 10
2377 59
2378 5
2379 6
2380 16
2381 55
2382 28
2383 36
2384 22
2385 14
2386 26
2387 4
2388 22
2389 89
2390 8
2391 38
2392 10
2393 21
2394 4
2395 44
2396 60
2397 6
2398 32
2399 4
2400 2
2402 1
2403 2
2404 54
2405 5
2406 22
2407 16
2408 2
2409 28
2410 6
2411 26
2412 16
2413 48
2414 24
2415 2
2416 32
2417 29
2418 8
2419 4
2420 8
2421 12
2422 32
2423 36
2424 16
2425 21
2426 13
2427 14
2428 40
2429 10
2430 22
2431 28
2432 12
2433 42
2434 6
2435 14
2436 12
2437 51
2438 12
2439 24
2440 22
2441 31
2442 4
2443 28
2444 24
2445 26
2446 76
2447 32
2448 4
2449 64
2450 2
2451 6
2452 66
2453 6
2454 14
2455 20
2456 30
2457 18
2458 43
2459 10
2460 8
2461 92
2462 28
2463 14
2464 10
2465 11
2466 14
2467 6
2468 34
2469 62
2470 12
2471 20
2472 10
2473 65
2474 23
2475 4
2476 72
2477 13
2478 10
2479 48
2480 4
2481 52
2482 7
2483 8
2484 6
2485 30
2486 12
2487 30
2488 16
2489 46
2490 4
2491 30
2492 8
2493 42
2494 46
2495 4
2496 4
2497 56
2498 4
2499 2
2501 1
2502 2
2503 52
2504 2
2505 2
2506 46
2507 12
2508 8
2509 31
2510 2
2511 14
2512 30
2513 30
2514 22
2515 38
2516 14
2517 48
2518 42
2519 22
2520 2
2521 67
2522 5
2523 16
2524 92
2525 2
2526 16
2527 14
2528 8
2529 56
2530 10
2531 58
2532 14
2533 8
2534 24
2535 12
2536 46
2537 18
2538 22
2539 78
2540 8
2541 6
2542 16
2543 8
2544 12
2545 15
2546 22
2547 14
2548 20
2549 45
2550 2
2551 76
2552 8
2553 16
2554 9
2555 8
2556 16
2557 23
2558 24
2559 34
2560 24
2561 27
2562 14
2563 30
2564 50
2565 8
2566 102
2567 4
2568 6
2569 72
2570 9
2571 38
2572 48
2573 12
2574 12
2575 40
2576 6
2577 46
2578 38
2579 34
2580 14
2581 7
2582 30
2583 12
2584 4
2585 26
2586 32
2587 28
2588 36
2589 12
2590 14
2591 48
2592 6
2593 57
2594 24
2595 4
2596 34
2597 6
2598 4
2599 4
2600 2
2602 1
2603 2
2604 2
2605 5
2606 40
2607 2
2608 32
2609 37
2610 8
2611 42
2612 34
2613 10
2614 82
2615 16
2616 12
2617 49
2618 2
2619 10
2620 16
2621 5
2622 12
2623 30
2624 4
2625 20
2626 19
2627 20
2628 14
2629 100
2630 14
2631 18
2632 4
2633 31
2634 38
2635 2
2636 12
2637 28
2638 20
2639 12
2640 6
2641 82
2642 3
2643 22
2644 82
2645 6
2646 24
2647 52
2648 18
2649 50
2650 10
2651 10
2652 2
2653 58
2654 52
2655 12
2656 44
2657 35
2658 10
2659 18
2660 10
2661 72
2662 54
2663 28
2664 20
2665 19
2666 8
2667 10
2668 20
2669 10
2670 6
2671 104
2672 8
2673 10
2674 26
2675 26
2676 34
2677 19
2678 4
2679 10
2680 10
2681 40
2682 26
2683 58
2684 16
2685 8
2686 36
2687 24
2688 8
2689 85
2690 11
2691 4
2692 58
2693 21
2694 26
2695 16
2696 4
2697 22
2698 24
2699 58
2700 4
2701 34
2702 4
2703 2
2705 1
2706 2
2707 70
2708 2
2709 20
2710 32
2711 12
2712 2
2713 15
2714 14
2715 6
2716 36
2717 2
2718 28
2719 64
2720 8
2721 58
2722 32
2723 6
2724 28
2725 9
2726 6
2727 18
2728 10
2729 45
2730 2
2731 102
2732 36
2733 44
2734 88
2735 12
2736 8
2737 26
2738 15
2739 6
2740 34
2741 43
2742 10
2743 24
2744 28
2745 12
2746 49
2747 10
2748 10
2749 63
2750 16
2751 4
2752 32
2753 35
2754 6
2755 4
2756 2
2757 6
2758 6
2759 24
2760 6
2761 66
2762 21
2763 18
2764 80
2765 6
2766 40
2767 60
2768 18
2769 36
2770 17
2771 18
2772 12
2773 30
2774 6
2775 8
2776 46
2777 7
2778 22
2779 44
2780 12
2781 22
2782 14
2783 18
2784 12
2785 33
2786 12
2787 30
2788 6
2789 29
2790 12
2791 84
2792 14
2793 18
2794 52
2795 10
2796 24
2797 25
2798 28
2799 28
2800 12
2801 47
2802 10
2803 46
2804 10
2805 6
2806 36
2807 4
2808 2
2810 1
2811 2
2812 16
2813 5
2814 10
2815 32
2816 16
2817 30
2818 40
2819 42
2820 10
2821 42
2822 4
2823 22
2824 4
2825 21
2826 20
2827 6
2828 12
2829 6
2830 50
2831 6
2832 12
2833 45
2834 3
2835 10
2836 30
2837 13
2838 10
2839 52
2840 4
2841 52
2842 26
2843 30
2844 4
2845 6
2846 48
2847 10
2848 6
2849 10
2850 12
2851 90
2852 10
2853 48
2854 86
2855 12
2856 6
2857 23
2858 15
2859 22
2860 20
2861 49
2862 2
2863 20
2864 32
2865 28
2866 34
2867 10
2868 12
2869 36
2870 10
2871 20
2872 40
2873 5
2874 44
2875 8
2876 44
2877 20
2878 12
2879 40
2880 4
2881 86
2882 10
2883 18
2884 32
2885 23
2886 20
2887 60
2888 18
2889 4
2890 11
2891 28
2892 8
2893 64
2894 12
2895 10
2896 42
2897 23
2898 4
2899 54
2900 8
2901 42
2902 26
2903 24
2904 4
2905 34
2906 25
2907 4
2908 8
2909 61
2910 4
2911 44
2912 4
2913 4
2914 4
2915 2
2917 1
2918 2
2919 2
2920 2
2921 50
2922 2
2923 30
2924 8
2925 2
2926 16
2927 36
2928 2
2929 31
2930 13
2931 22
2932 14
2933 28
2934 2
2935 44
2936 12
2937 26
2938 8
2939 42
2940 8
2941 11
2942 40
2943 2
2944 12
2945 6
2946 30
2947 22
2948 18
2949 72
2950 38
2951 28
2952 2
2953 51
2954 26
2955 12
2956 96
2957 27
2958 8
2959 38
2960 6
2961 12
2962 10
2963 34
2964 10
2965 41
2966 18
2967 6
2968 18
2969 47
2970 2
2971 22
2972 24
2973 50
2974 88
2975 8
2976 12
2977 37
2978 8
2979 38
2980 18
2981 12
2982 10
2983 38
2984 26
2985 26
2986 11
2987 12
2988 8
2989 80
2990 10
2991 34
2992 12
2993 6
2994 34
2995 28
2996 30
2997 12
2998 54
2999 32
3000 16
3001 79
3002 12
3003 4
3004 108
3005 12
3006 28
3007 16
3008 6
3009 20
3010 12
3011 58
3012 24
3013 58
3014 4
3015 4
3016 14
3017 34
3018 24
3019 114
3020 4
3021 6
3022 56
3023 4
3024 2
3026 1
3027 2
3028 18
3029 5
3030 2
3031 32
3032 18
3033 34
3034 14
3035 2
3036 2
3037 51
3038 4
3039 42
3040 16
3041 49
3042 16
3043 6
3044 10
3045 10
3046 106
3047 2
3048 6
3049 87
3050 5
3051 22
3052 10
3053 16
3054 8
3055 10
3056 32
3057 28
3058 30
3059 10
3060 10
3061 103
3062 6
3063 22
3064 40
3065 17
3066 10
3067 82
3068 20
3069 10
3070 42
3071 4
3072 16
3073 64
3074 9
3075 18
3076 66
3077 15
3078 8
3079 68
3080 2
3081 6
3082 36
3083 34
3084 40
3085 45
3086 24
3087 24
3088 22
3089 53
3090 12
3091 50
3092 26
3093 32
3094 34
3095 28
3096 10
3097 54
3098 21
3099 6
3100 14
3101 34
3102 12
3103 48
3104 8
3105 26
3106 26
3107 22
3108 4
3109 37
3110 24
3111 12
3112 30
3113 28
3114 6
3115 10
3116 28
3117 62
3118 52
3119 60
3120 4
3121 13
3122 4
3123 14
3124 10
3125 31
3126 30
3127 28
3128 4
3129 4
3130 23
3131 22
3132 4
3133 31
3134 4
3135 2
3137 1
3138 2
3139 38
3140 2
3141 10
3142 42
3143 2
3144 2
3145 13
3146 16
3147 22
3148 36
3149 52
3150 2
3151 44
3152 2
3153 34
3154 42
3155 20
3156 28
3157 26
3158 6
3159 28
3160 16
3161 7
3162 6
3163 22
3164 2
3165 6
3166 36
3167 24
3168 8
3169 81
3170 5
3171 18
3172 4
3173 8
3174 20
3175 16
3176 18
3177 40
3178 28
3179 26
3180 12
3181 3
3182 22
3183 18
3184 48
3185 14
3186 6
3187 58
3188 26
3189 70
3190 10
3191 36
3192 2
3193 74
3194 37
3195 12
3196 8
3197 10
3198 10
3199 22
3200 20
3201 10
3202 7
3203 42
3204 24
3205 32
3206 24
3207 22
3208 24
3209 41
3210 8
3211 4
3212 12
3213 6
3214 104
3215 32
3216 10
3217 75
3218 10
3219 10
3220 18
3221 17
3222 26
3223 30
3224 18
3225 20
3226 43
3227 16
3228 36
3229 27
3230 4
3231 8
3232 28
3233 11
3234 16
3235 38
3236 50
3237 12
3238 14
3239 20
3240 8
3241 78
3242 11
3243 4
3244 68
3245 6
3246 4
3247 4
3248 2
3250 1
3251 2
3252 2
3253 5
3254 38
3255 2
3256 24
3257 37
3258 8
3259 114
3260 20
3261 10
3262 12
3263 12
3264 16
3265 31
3266 12
3267 10
3268 2
3269 36
3270 10
3271 108
3272 6
3273 48
3274 33
3275 16
3276 8
3277 35
3278 16
3279 30
3280 8
3281 5
3282 18
3283 26
3284 42
3285 28
3286 30
3287 2
3288 6
3289 40
3290 14
3291 34
3292 84
3293 5
3294 36
3295 20
3296 8
3297 18
3298 8
3299 50
3300 6
3301 37
3302 12
3303 20
3304 24
3305 4
3306 2
3307 54
3308 24
3309 48
3310 22
3311 14
3312 6
3313 75
3314 15
3315 10
3316 34
3317 22
3318 10
3319 108
3320 14
3321 46
3322 40
3323 30
3324 14
3325 10
3326 64
3327 26
3328 24
3329 53
3330 10
3331 110
3332 20
3333 8
3334 118
3335 4
3336 18
3337 58
3338 13
3339 16
3340 48
3341 11
3342 28
3343 56
3344 10
3345 26
3346 18
3347 30
3348 6
3349 19
3350 24
3351 34
3352 22
3353 36
3354 14
3355 24
3356 8
3357 14
3358 14
3359 28
3360 4
3361 95
3362 4
3363 2
3365 1
3366 2
3367 16
3368 2
3369 74
3370 19
3371 70
3372 8
3373 33
3374 16
3375 26
3376 48
3377 28
3378 14
3379 6
3380 14
3381 28
3382 38
3383 20
3384 10
3385 41
3386 19
3387 4
3388 10
3389 63
3390 10
3391 32
3392 16
3393 2
3394 8
3395 4
3396 34
3397 82
3398 30
3399 6
3400 4
3401 32
3402 4
3403 6
3404 28
3405 18
3406 46
3407 32
3408 12
3409 86
3410 12
3411 38
3412 54
3413 13
3414 18
3415 40
3416 12
3417 18
3418 41
3419 4
3420 4
3421 26
3422 2
3423 6
3424 52
3425 21
3426 34
3427 32
3428 34
3429 18
3430 42
3431 36
3432 6
3433 59
3434 5
3435 18
3436 108
3437 10
3438 32
3439 42
3440 8
3441 38
3442 6
3443 6
3444 20
3445 19
3446 70
3447 16
3448 48
3449 41
3450 12
3451 22
3452 44
3453 44
3454 36
3455 28
3456 20
3457 63
3458 6
3459 22
3460 38
3461 33
3462 10
3463 60
3464 8
3465 10
3466 53
3467 42
3468 20
3469 115
3470 18
3471 10
3472 10
3473 38
3474 24
3475 36
3476 24
3477 6
3478 14
3479 4
3480 2
3482 1
3483 2
3484 36
3485 5
3486 14
3487 46
3488 16
3489 52
3490 17
3491 34
3492 18
3493 18
3494 58
3495 6
3496 4
3497 20
3498 6
3499 74
3500 20
3501 24
3502 24
3503 6
3504 4
3505 32
3506 22
3507 12
3508 22
3509 10
3510 8
3511 104
3512 12
3513 42
3514 16
3515 6
3516 40
3517 37
3518 36
3519 12
3520 4
3521 48
3522 30
3523 42
3524 46
3525 8
3526 12
3527 32
3528 8
3529 85
3530 5
3531 6
3532 92
3533 17
3534 12
3535 18
3536 4
3537 48
3538 11
3539 58
3540 2
3541 73
3542 6
3543 30
3544 46
3545 11
3546 42
3547 46
3548 20
3549 26
3550 16
3551 32
3552 8
3553 34
3554 7
3555 12
3556 42
3557 45
3558 38
3559 80
3560 4
3561 60
3562 15
3563 12
3564 12
3565 52
3566 52
3567 16
3568 12
3569 18
3570 4
3571 110
3572 22
3573 42
3574 38
3575 8
3576 4
3577 60
3578 23
3579 14
3580 4
3581 45
3582 12
3583 60
3584 8
3585 4
3586 50
3587 10
3588 4
3589 47
3590 4
3591 6
3592 4
3593 33
3594 4
3595 4
3596 4
3597 4
3598 4
3599 2
3601 1
3602 2
3603 2
3604 2
3605 2
3606 2
3607 52
3608 2
3609 8
3610 2
3611 16
3612 2
3613 89
3614 30
3615 2
3616 8
3617 31
3618 10
3619 24
3620 2
3621 38
3622 46
3623 40
3624 2
3625 13
3626 26
3627 10
3628 80
3629 10
3630 2
3631 96
3632 8
3633 28
3634 36
3635 22
3636 8
3637 79
3638 6
3639 26
3640 2
3641 58
3642 18
3643 46
3644 64
3645 10
3646 100
3647 20
3648 8
3649 43
3650 8
3651 34
3652 28
3653 15
3654 12
3655 26
3656 18
3657 18
3658 30
3659 50
3660 2
3661 96
3662 28
3663 6
3664 14
3665 31
3666 18
3667 10
3668 16
3669 72
3670 18
3671 28
3672 10
3673 63
3674 28
3675 16
3676 116
3677 31
3678 28
3679 8
3680 8
3681 46
3682 6
3683 26
3684 34
3685 34
3686 30
3687 22
3688 34
3689 26
3690 8
3691 122
3692 8
3693 62
3694 80
3695 12
3696 8
3697 81
3698 30
3699 26
3700 10
3701 43
3702 18
3703 14
3704 32
3705 24
3706 5
3707 18
3708 20
3709 31
3710 6
3711 42
3712 40
3713 18
3714 38
3715 38
3716 46
3717 6
3718 34
3719 4
3720 2
3722 1
3723 2
3724 12
3725 5
3726 22
3727 72
3728 14
3729 26
3730 23
3731 6
3732 4
3733 71
3734 58
3735 16
3736 6
3737 10
3738 8
3739 26
3740 8
3741 6
3742 64
3743 10
3744 4
3745 38
3746 20
3747 12
3748 62
3749 62
3750 18
3751 26
3752 6
3753 18
3754 67
3755 16
3756 6
3757 22
3758 36
3759 14
3760 4
3761 53
3762 6
3763 42
3764 34
3765 24
3766 64
3767 48
3768 12
3769 87
3770 3
3771 14
3772 4
3773 44
3774 24
3775 36
3776 24
3777 44
3778 16
3779 42
3780 6
3781 26
3782 2
3783 6
3784 30
3785 17
3786 30
3787 42
3788 44
3789 66
3790 38
3791 8
3792 14
3793 65
3794 8
3795 10
3796 54
3797 13
3798 14
3799 56
3800 12
3801 30
3802 33
3803 6
3804 36
3805 18
3806 24
3807 22
3808 8
3809 39
3810 20
3811 6
3812 42
3813 4
3814 10
3815 10
3816 18
3817 80
3818 16
3819 8
3820 16
3821 27
3822 14
3823 88
3824 24
3825 20
3826 70
3827 10
3828 8
3829 110
3830 18
3831 42
3832 32
3833 45
3834 32
3835 14
3836 8
3837 46
3838 36
3839 18
3840 4
3841 74
3842 4
3843 2
3845 1
3846 2
3847 72
3848 2
3849 64
3850 12
3851 70
3852 8
3853 13
3854 24
3855 10
3856 26
3857 16
3858 30
3859 18
3860 14
3861 8
3862 78
3863 36
3864 6
3865 47
3866 31
3867 10
3868 80
3869 9
3870 10
3871 12
3872 6
3873 18
3874 17
3875 2
3876 14
3877 7
3878 14
3879 36
3880 18
3881 49
3882 24
3883 4
3884 56
3885 8
3886 62
3887 18
3888 20
3889 31
3890 7
3891 18
3892 12
3893 18
3894 6
3895 20
3896 32
3897 38
3898 5
3899 30
3900 4
3901 118
3902 20
3903 26
3904 40
3905 4
3906 2
3907 54
3908 42
3909 74
3910 30
3911 56
3912 10
3913 28
3914 40
3915 16
3916 14
3917 41
3918 16
3919 112
3920 12
3921 80
3922 19
3923 38
3924 34
3925 13
3926 26
3927 4
3928 6
3929 59
3930 10
3931 130
3932 20
3933 12
3934 28
3935 28
3936 20
3937 56
3938 22
3939 16
3940 10
3941 12
3942 16
3943 92
3944 6
3945 34
3946 33
3947 22
3948 4
3949 128
3950 28
3951 4
3952 16
3953 36
3954 26
3955 4
3956 26
3957 12
3958 14
3959 32
3960 4
3961 43
3962 4
3963 4
3964 124
3965 6
3966 4
3967 4
3968 2
3970 1
3971 2
3972 2
3973 5
3974 50
3975 2
3976 2
3977 21
3978 2
3979 46
3980 8
3981 10
3982 40
3983 2
3984 12
3985 41
3986 11
3987 2
3988 22
3989 21
3990 2
3991 68
3992 14
3993 32
3994 67
3995 8
3996 14
3997 10
3998 28
3999 6
4000 28
4001 13
4002 6
4003 66
4004 14
4005 10
4006 110
4007 36
4008 16
4009 4
4010 4
4011 2
4012 12
4013 19
4014 28
4015 22
4016 32
4017 10
4018 24
4019 50
4020 14
4021 27
4022 30
4023 14
4024 40
4025 16
4026 28
4027 102
4028 8
4029 14
4030 22
4031 24
4032 2
4033 35
4034 36
4035 8
4036 10
4037 38
4038 8
4039 52
4040 14
4041 80
4042 32
4043 16
4044 16
4045 5
4046 28
4047 16
4048 22
4049 49
4050 10
4051 90
4052 38
4053 10
4054 114
4055 28
4056 12
4057 91
4058 13
4059 14
4060 14
4061 54
4062 28
4063 8
4064 4
4065 6
4066 50
4067 16
4068 24
4069 20
4070 8
4071 22
4072 34
4073 35
4074 18
4075 14
4076 52
4077 14
4078 72
4079 56
4080 4
4081 24
4082 9
4083 26
4084 106
4085 26
4086 30
4087 16
4088 4
4089 30
4090 20
4091 46
4092 4
4093 19
4094 4
4095 2
4097 1
4098 2
4099 114
4100 2
4101 72
4102 36
4103 10
4104 2
4105 36
4106 7
4107 18
4108 12
4109 48
4110 14
4111 124
4112 2
4113 42
4114 14
4115 14
4116 30
4117 86
4118 24
4119 22
4120 26
4121 25
4122 12
4123 14
4124 56
4125 30
4126 84
4127 32
4128 2
4129 89
4130 14
4131 10
4132 70
4133 7
4134 22
4135 40
4136 6
4137 24
4138 35
4139 6
4140 8
4141 55
4142 16
4143 26
4144 10
4145 26
4146 42
4147 16
4148 22
4149 60
4150 36
4151 8
4152 12
4153 79
4154 14
4155 12
4156 108
4157 25
4158 8
4159 40
4160 2
4161 6
4162 40
4163 20
4164 32
4165 10
4166 54
4167 32
4168 14
4169 66
4170 16
4171 6
4172 10
4173 12
4174 136
4175 20
4176 20
4177 61
4178 14
4179 14
4180 12
4181 35
4182 6
4183 20
4184 26
4185 24
4186 24
4187 22
4188 10
4189 110
4190 30
4191 14
4192 36
4193 6
4194 18
4195 64
4196 50
4197 50
4198 62
4199 4
4200 6
4201 99
4202 22
4203 10
4204 116
4205 12
4206 28
4207 28
4208 20
4209 36
4210 17
4211 74
4212 4
4213 58
4214 28
4215 4
4216 28
4217 31
4218 18
4219 74
4220 4
4221 6
4222 88
4223 4
4224 2
4226 1
4227 2
4228 30
4229 5
4230 2
4231 68
4232 16
4233 20
4234 25
4235 2
4236 40
4237 84
4238 2
4239 10
4240 10
4241 47
4242 10
4243 62
4244 62
4245 10
4246 54
4247 8
4248 10
4249 92
4250 11
4251 2
4252 52
4253 25
4254 36
4255 18
4256 8
4257 4
4258 20
4259 38
4260 16
4261 107
4262 30
4263 4
4264 26
4265 31
4266 34
4267 24
4268 4
4269 62
4270 6
4271 8
4272 16
4273 69
4274 11
4275 12
4276 94
4277 10
4278 10
4279 18
4280 14
4281 20
4282 37
4283 6
4284 8
4285 45
4286 20
4287 18
4288 40
4289 47
4290 2
4291 66
4292 18
4293 18
4294 14
4295 20
4296 10
4297 57
4298 16
4299 50
4300 52
4301 26
4302 36
4303 32
4304 10
4305 10
4306 41
4307 14
4308 16
4309 116
4310 24
4311 28
4312 4
4313 44
4314 44
4315 38
4316 40
4317 20
4318 12
4319 16
4320 16
4321 10
4322 12
4323 4
4324 38
4325 5
4326 22
4327 96
4328 26
4329 26
4330 25
4331 14
4332 8
4333 80
4334 4
4335 14
4336 44
4337 47
4338 8
4339 114
4340 6
4341 86
4342 34
4343 18
4344 4
4345 4
4346 7
4347 8
4348 8
4349 69
4350 4
4351 62
4352 4
4353 4
4354 4
4355 2
4357 1
4358 2
4359 2
4360 2
4361 48
4362 2
4363 66
4364 8
4365 8
4366 30
4367 2
4368 2
4369 46
4370 10
4371 16
4372 14
4373 27
4374 10
4375 26
4376 34
4377 54
4378 2
4379 36
4380 8
4381 42
4382 12
4383 32
4384 24
4385 23
4386 14
4387 6
4388 34
4389 2
4390 56
4391 60
4392 8
4393 84
4394 23
4395 16
4396 44
4397 33
4398 28
4399 40
4400 2
4401 58
4402 10
4403 10
4404 10
4405 56
4406 42
4407 12
4408 14
4409 3
4410 12
4411 34
4412 52
4413 22
4414 124
4415 12
4416 6
4417 78
4418 28
4419 22
4420 18
4421 13
4422 2
4423 56
4424 6
4425 30
4426 59
4427 6
4428 28
4429 34
4430 18
4431 14
4432 50
4433 22
4434 10
4435 38
4436 62
4437 22
4438 46
4439 14
4440 8
4441 23
4442 25
4443 26
4444 8
4445 6
4446 16
4447 108
4448 12
4449 90
4450 6
4451 46
4452 16
4453 44
4454 26
4455 10
4456 66
4457 23
4458 20
4459 54
4460 32
4461 64
4462 28
4463 36
4464 12
4465 34
4466 14
4467 10
4468 82
4469 25
4470 6
4471 8
4472 6
4473 28
4474 57
4475 28
4476 10
4477 20
4478 36
4479 26
4480 16
4481 27
4482 26
4483 34
4484 30
4485 6
4486 118
4487 4
4488 2
4490 1
4491 2
4492 64
4493 5
4494 10
4495 16
4496 18
4497 48
4498 15
4499 14
4500 20
4501 36
4502 46
4503 14
4504 6
4505 9
4506 14
4507 58
4508 16
4509 28
4510 30
4511 4
4512 4
4513 69
4514 19
4515 4
4516 6
4517 25
4518 22
4519 124
4520 6
4521 30
4522 14
4523 50
4524 8
4525 34
4526 48
4527 16
4528 36
4529 52
4530 18
4531 58
4532 6
4533 72
4534 6
4535 20
4536 14
4537 41
4538 15
4539 10
4540 56
4541 58
4542 12
4543 10
4544 12
4545 4
4546 32
4547 58
4548 22
4549 93
4550 8
4551 20
4552 26
4553 11
4554 4
4555 4
4556 2
4557 6
4558 60
4559 18
4560 6
4561 97
4562 18
4563 6
4564 62
4565 24
4566 50
4567 68
4568 18
4569 64
4570 15
4571 30
4572 32
4573 15
4574 44
4575 16
4576 24
4577 40
4578 8
4579 6
4580 10
4581 72
4582 6
4583 28
4584 16
4585 48
4586 7
4587 10
4588 32
4589 33
4590 4
4591 20
4592 8
4593 58
4594 29
4595 20
4596 16
4597 11
4598 14
4599 20
4600 20
4601 74
4602 14
4603 98
4604 44
4605 26
4606 28
4607 4
4608 8
4609 98
4610 11
4611 12
4612 70
4613 34
4614 18
4615 24
4616 4
4617 52
4618 47
4619 10
4620 4
4621 125
4622 4
4623 2
4625 1
4626 2
4627 32
4628 2
4629 30
4630 22
4631 26
4632 2
4633 32
4634 34
4635 16
4636 26
4637 39
4638 24
4639 84
4640 8
4641 2
4642 46
4643 34
4644 22
4645 62
4646 14
4647 26
4648 12
4649 11
4650 4
4651 22
4652 32
4653 18
4654 58
4655 10
4656 8
4657 83
4658 2
4659 50
4660 34
4661 10
4662 16
4663 76
4664 12
4665 20
4666 65
4667 10
4668 16
4669 8
4670 6
4671 42
4672 14
4673 45
4674 6
4675 22
4676 36
4677 20
4678 102
4679 56
4680 6
4681 92
4682 11
4683 10
4684 40
4685 5
4686 8
4687 30
4688 14
4689 68
4690 28
4691 78
4692 2
4693 58
4694 66
4695 10
4696 46
4697 18
4698 8
4699 24
4700 20
4701 94
4702 8
4703 28
4704 8
4705 24
4706 5
4707 22
4708 44
4709 33
4710 16
4711 30
4712 10
4713 64
4714 31
4715 4
4716 12
4717 40
4718 10
4719 22
4720 16
4721 41
4722 34
4723 82
4724 54
4725 8
4726 58
4727 20
4728 16
4729 43
4730 6
4731 18
4732 24
4733 17
4734 44
4735 52
4736 32
4737 42
4738 4
4739 28
4740 18
4741 136
4742 42
4743 12
4744 8
4745 13
4746 16
4747 42
4748 40
4749 12
4750 48
4751 60
4752 6
4753 64
4754 17
4755 4
4756 50
4757 6
4758 4
4759 4
4760 2
4762 1
4763 2
4764 2
4765 5
4766 48
4767 2
4768 44
4769 54
4770 8
4771 12
4772 38
4773 10
4774 28
4775 24
4776 22
4777 21
4778 3
4779 10
4780 16
4781 58
4782 20
4783 92
4784 2
4785 18
4786 58
4787 22
4788 8
4789 125
4790 28
4791 18
4792 44
4793 31
4794 18
4795 12
4796 28
4797 28
4798 64
4799 64
4800 12
4801 99
4802 36
4803 18
4804 86
4805 8
4806 34
4807 2
4808 6
4809 34
4810 6
4811 42
4812 20
4813 33
4814 22
4815 12
4816 30
4817 33
4818 10
4819 54
4820 12
4821 16
4822 26
4823 8
4824 6
4825 9
4826 24
4827 10
4828 20
4829 36
4830 2
4831 112
4832 12
4833 48
4834 64
4835 14
4836 14
4837 28
4838 10
4839 38
4840 18
4841 22
4842 26
4843 8
4844 8
4845 20
4846 152
4847 20
4848 16
4849 48
4850 12
4851 8
4852 30
4853 10
4854 38
4855 52
4856 32
4857 8
4858 34
4859 30
4860 8
4861 119
4862 10
4863 22
4864 40
4865 4
4866 54
4867 6
4868 34
4869 70
4870 34
4871 68
4872 4
4873 90
4874 39
4875 14
4876 64
4877 43
4878 28
4879 28
4880 4
4881 70
4882 30
4883 22
4884 8
4885 45
4886 4
4887 34
4888 26
4889 11
4890 4
4891 20
4892 8
4893 4
4894 128
4895 4
4896 4
4897 84
4898 4
4899 2
4901 1
4902 2
4903 52
4904 2
4905 2
4906 46
4907 2
4908 8
4909 141
4910 2
4911 54
4912 28
4913 25
4914 2
4915 66
4916 14
4917 4
4918 106
4919 32
4920 2
4921 48
4922 20
4923 30
4924 100
4925 7
4926 44
4927 4
4928 2
4929 38
4930 10
4931 58
4932 32
4933 3
4934 6
4935 2
4936 38
4937 57
4938 22
4939 10
4940 8
4941 20
4942 28
4943 56
4944 22
4945 34
4946 26
4947 6
4948 70
4949 24
4950 14
4951 148
4952 10
4953 14
4954 5
4955 16
4956 8
4957 89
4958 16
4959 8
4960 10
4961 38
4962 30
4963 42
4964 34
4965 46
4966 20
4967 36
4968 6
4969 95
4970 2
4971 6
4972 24
4973 27
4974 36
4975 44
4976 36
4977 30
4978 38
4979 38
4980 14
4981 34
4982 6
4983 14
4984 32
4985 27
4986 48
4987 66
4988 24
4989 78
4990 26
4991 12
4992 12
4993 85
4994 6
4995 18
4996 94
4997 46
4998 16
4999 152
5000 22
5001 76
5002 16
5003 34
5004 32
5005 18
5006 80
5007 34
5008 38
5009 71
5010 14
5011 34
5012 10
5013 16
5014 76
5015 6
5016 10
5017 42
5018 5
5019 22
5020 28
5021 19
5022 6
5023 96
5024 20
5025 24
5026 20
5027 18
5028 8
5029 76
5030 34
5031 12
5032 18
5033 32
5034 44
5035 22
5036 60
5037 6
5038 20
5039 4
5040 2
5042 1
5043 2
5044 54
5045 5
5046 22
5047 16
5048 16
5049 34
5050 19
5051 58
5052 6
5053 30
5054 22
5055 10
5056 4
5057 10
5058 14
5059 82
5060 6
5061 38
5062 82
5063 4
5064 14
5065 45
5066 10
5067 6
5068 28
5069 8
5070 14
5071 10
5072 22
5073 4
5074 66
5075 8
5076 10
5077 25
5078 38
5079 54
5080 22
5081 17
5082 10
5083 24
5084 6
5085 26
5086 140
5087 32
5088 4
5089 28
5090 9
5091 50
5092 30
5093 46
5094 14
5095 12
5096 16
5097 62
5098 3
5099 14
5100 6
5101 95
5102 8
5103 22
5104 24
5105 10
5106 12
5107 10
5108 42
5109 4
5110 20
5111 22
5112 2
5113 79
5114 23
5115 6
5116 108
5117 16
5118 48
5119 156
5120 20
5121 84
5122 13
5123 16
5124 18
5125 50
5126 38
5127 26
5128 24
5129 58
5130 16
5131 32
5132 52
5133 10
5134 28
5135 8
5136 4
5137 66
5138 8
5139 46
5140 50
5141 24
5142 42
5143 20
5144 22
5145 30
5146 72
5147 54
5148 4
5149 154
5150 24
5151 18
5152 8
5153 53
5154 42
5155 44
5156 58
5157 16
5158 78
5159 10
5160 4
5161 63
5162 7
5163 22
5164 124
5165 21
5166 4
5167 64
5168 4
5169 70
5170 32
5171 54
5172 4
5173 86
5174 40
5175 4
5176 4
5177 48
5178 4
5179 110
5180 4
5181 4
5182 4
5183 2
5185 1
5186 2
5187 2
5188 2
5189 51
5190 2
5191 72
5192 2
5193 2
5194 38
5195 20
5196 2
5197 17
5198 16
5199 26
5200 2
5201 66
5202 2
5203 22
5204 14
5205 22
5206 26
5207 8
5208 2
5209 109
5210 5
5211 14
5212 104
5213 9
5214 16
5215 22
5216 8
5217 18
5218 32
5219 4
5220 2
5221 92
5222 14
5223 34
5224 58
5225 8
5226 28
5227 86
5228 28
5229 16
5230 62
5231 48
5232 2
5233 81
5234 13
5235 10
5236 30
5237 21
5238 14
5239 6
5240 18
5241 10
5242 33
5243 18
5244 20
5245 11
5246 14
5247 14
5248 20
5249 4
5250 14
5251 78
5252 6
5253 26
5254 58
5255 4
5256 2
5257 74
5258 20
5259 18
5260 36
5261 7
5262 32
5263 10
5264 14
5265 34
5266 11
5267 16
5268 34
5269 24
5270 10
5271 10
5272 58
5273 7
5274 38
5275 48
5276 32
5277 10
5278 22
5279 84
5280 8
5281 33
5282 14
5283 10
5284 90
5285 22
5286 42
5287 48
5288 18
5289 44
5290 38
5291 14
5292 12
5293 80
5294 80
5295 14
5296 60
5297 7
5298 26
5299 54
5300 6
5301 40
5302 10
5303 20
5304 6
5305 7
5306 38
5307 18
5308 16
5309 9
5310 12
5311 44
5312 20
5313 10
5314 38
5315 22
5316 28
5317 55
5318 30
5319 34
5320 10
5321 31
5322 24
5323 50
5324 52
5325 6
5326 108
5327 4
5328 2
5330 1
5331 2
5332 22
5333 5
5334 10
5335 22
5336 14
5337 44
5338 22
5339 26
5340 16
5341 22
5342 48
5343 10
5344 36
5345 26
5346 38
5347 66
5348 14
5349 86
5350 44
5351 40
5352 14
5353 5
5354 17
5355 8
5356 8
5357 50
5358 4
5359 34
5360 12
5361 68
5362 16
5363 18
5364 48
5365 15
5366 78
5367 22
5368 4
5369 10
5370 18
5371 26
5372 16
5373 18
5374 96
5375 18
5376 12
5377 98
5378 6
5379 6
5380 6
5381 63
5382 10
5383 12
5384 16
5385 44
5386 55
5387 30
5388 24
5389 45
5390 4
5391 48
5392 34
5393 35
5394 26
5395 26
5396 22
5397 4
5398 106
5399 72
5400 8
5401 120
5402 2
5403 6
5404 6
5405 34
5406 26
5407 80
5408 20
5409 58
5410 19
5411 28
5412 16
5413 105
5414 58
5415 22
5416 62
5417 5
5418 12
5419 122
5420 16
5421 20
5422 108
5423 8
5424 20
5425 50
5426 19
5427 6
5428 30
5429 23
5430 14
5431 36
5432 12
5433 56
5434 16
5435 30
5436 44
5437 69
5438 40
5439 4
5440 20
5441 63
5442 14
5443 122
5444 50
5445 20
5446 74
5447 12
5448 18
5449 99
5450 17
5451 16
5452 24
5453 18
5454 20
5455 48
5456 14
5457 38
5458 19
5459 30
5460 6
5461 50
5462 30
5463 28
5464 70
5465 19
5466 24
5467 14
5468 8
5469 96
5470 58
5471 60
5472 4
5473 27
5474 4
5475 2
5477 1
5478 2
5479 92
5480 2
5481 36
5482 53
5483 50
5484 8
5485 53
5486 26
5487 10
5488 36
5489 78
5490 18
5491 6
5492 14
5493 38
5494 42
5495 10
5496 20
5497 22
5498 17
5499 8
5500 22
5501 53
5502 10
5503 36
5504 28
5505 26
5506 60
5507 30
5508 22
5509 136
5510 14
5511 4
5512 10
5513 2
5514 34
5515 58
5516 22
5517 58
5518 28
5519 40
5520 6
5521 11
5522 10
5523 14
5524 130
5525 8
5526 14
5527 16
5528 14
5529 10
5530 14
5531 54
5532 28
5533 76
5534 84
5535 12
5536 12
5537 34
5538 22
5539 62
5540 22
5541 88
5542 6
5543 16
5544 6
5545 27
5546 34
5547 8
5548 24
5549 52
5550 2
5551 30
5552 24
5553 68
5554 29
5555 16
5556 10
5557 15
5558 16
5559 28
5560 34
5561 54
5562 30
5563 70
5564 16
5565 12
5566 58
5567 38
5568 8
5569 123
5570 11
5571 38
5572 8
5573 45
5574 54
5575 4
5576 6
5577 20
5578 15
5579 16
5580 8
5581 145
5582 32
5583 26
5584 18
5585 23
5586 20
5587 48
5588 16
5589 6
5590 24
5591 72
5592 14
5593 42
5594 41
5595 4
5596 92
5597 25
5598 24
5599 54
5600 4
5601 86
5602 64
5603 22
5604 36
5605 12
5606 50
5607 8
5608 46
5609 62
5610 4
5611 16
5612 20
5613 12
5614 18
5615 4
5616 8
5617 37
5618 19
5619 4
5620 4
5621 6
5622 4
5623 4
5624 2
5626 1
5627 2
5628 2
5629 5
5630 2
5631 2
5632 40
5633 44
5634 8
5635 2
5636 66
5637 10
5638 50
5639 64
5640 2
5641 117
5642 6
5643 10
5644 36
5645 10
5646 56
5647 80
5648 18
5649 40
5650 2
5651 66
5652 22
5653 79
5654 14
5655 2
5656 28
5657 51
5658 18
5659 138
5660 32
5661 28
5662 32
5663 6
5664 10
5665 54
5666 10
5667 30
5668 34
5669 21
5670 10
5671 72
5672 10
5673 14
5674 69
5675 2
5676 12
5677 28
5678 20
5679 44
5680 12
5681 44
5682 30
5683 14
5684 8
5685 10
5686 126
5687 18
5688 20
5689 89
5690 12
5691 26
5692 100
5693 53
5694 12
5695 26
5696 10
5697 14
5698 22
5699 16
5700 2
5701 109
5702 26
5703 22
5704 14
5705 18
5706 50
5707 60
5708 40
5709 16
5710 58
5711 8
5712 8
5713 11
5714 38
5715 8
5716 26
5717 41
5718 22
5719 30
5720 10
5721 104
5722 9
5723 26
5724 12
5725 10
5726 16
5727 8
5728 44
5729 27
5730 24
5731 30
5732 42
5733 24
5734 14
5735 16
5736 24
5737 93
5738 4
5739 34
5740 24
5741 13
5742 8
5743 12
5744 12
5745 34
5746 26
5747 22
5748 32
5749 55
5750 24
5751 46
5752 20
5753 32
5754 20
5755 60
5756 76
5757 4
5758 116
5759 20
5760 8
5761 114
5762 30
5763 14
5764 56
5765 27
5766 26
5767 12
5768 4
5769 96
5770 19
5771 32
5772 4
5773 88
5774 4
5775 2
5777 1
5778 2
5779 154
5780 2
5781 34
5782 48
5783 44
5784 2
5785 21
5786 36
5787 22
5788 64
5789 22
5790 12
5791 140
5792 8
5793 52
5794 48
5795 2
5796 16
5797 10
5798 6
5799 14
5800 22
5801 63
5802 38
5803 20
5804 64
5805 6
5806 128
5807 36
5808 8
5809 28
5810 6
5811 22
5812 110
5813 11
5814 2
5815 44
5816 20
5817 10
5818 43
5819 26
5820 12
5821 43
5822 20
5823 24
5824 28
5825 27
5826 26
5827 6
5828 22
5829 24
5830 20
5831 36
5832 30
5833 100
5834 35
5835 20
5836 100
5837 3
5838 10
5839 152
5840 18
5841 30
5842 26
5843 30
5844 38
5845 14
5846 50
5847 30
5848 4
5849 73
5850 4
5851 94
5852 2
5853 6
5854 140
5855 16
5856 28
5857 77
5858 7
5859 18
5860 54
5861 77
5862 22
5863 32
5864 42
5865 6
5866 64
5867 70
5868 32
5869 111
5870 18
5871 18
5872 48
5873 44
5874 22
5875 20
5876 12
5877 80
5878 6
5879 64
5880 6
5881 119
5882 11
5883 12
5884 128
5885 12
5886 40
5887 38
5888 6
5889 54
5890 30
5891 30
5892 24
5893 18
5894 38
5895 20
5896 38
5897 41
5898 8
5899 66
5900 10
5901 12
5902 34
5903 12
5904 12
5905 60
5906 15
5907 4
5908 38
5909 58
5910 6
5911 30
5912 6
5913 44
5914 57
5915 4
5916 24
5917 14
5918 4
5919 46
5920 20
5921 50
5922 4
5923 102
5924 66
5925 6
5926 114
5927 4
5928 2
5930 1
5931 2
5932 88
5933 5
5934 12
5935 44
5936 2
5937 68
5938 10
5939 34
5940 2
5941 55
5942 30
5943 2
5944 12
5945 14
5946 34
5947 8
5948 24
5949 74
5950 24
5951 2
5952 16
5953 67
5954 3
5955 8
5956 30
5957 10
5958 14
5959 58
5960 6
5961 86
5962 20
5963 10
5964 16
5965 65
5966 36
5967 8
5968 10
5969 52
5970 18
5971 84
5972 34
5973 10
5974 4
5975 28
5976 14
5977 78
5978 24
5979 18
5980 4
5981 47
5982 44
5983 18
5984 12
5985 16
5986 16
5987 54
5988 30
5989 26
5990 28
5991 6
5992 18
5993 31
5994 14
5995 12
5996 84
5997 14
5998 68
5999 32
6000 16
6001 28
6002 11
6003 14
6004 52
6005 4
6006 2
6007 104
6008 20
6009 96
6010 13
6011 54
6012 8
6013 16
6014 6
6015 20
6016 12
6017 44
6018 14
6019 58
6020 14
6021 30
6022 122
6023 22
6024 26
6025 17
6026 10
6027 18
6028 36
6029 85
6030 14
6031 92
6032 4
6033 58
6034 34
6035 18
6036 12
6037 69
6038 38
6039 24
6040 24
6041 66
6042 10
6043 110
6044 68
6045 4
6046 96
6047 32
6048 12
6049 128
6050 10
6051 24
6052 28
6053 11
6054 14
6055 22
6056 30
6057 62
6058 4
6059 54
6060 8
6061 62
6062 16
6063 10
6064 68
6065 27
6066 12
6067 98
6068 8
6069 34
6070 74
6071 4
6072 4
6073 99
6074 23
6075 6
6076 8
6077 64
6078 4
6079 72
6080 4
6081 4
6082 4
6083 2
6085 1
6086 2
6087 2
6088 2
6089 47
6090 2
6091 122
6092 8
6093 8
6094 88
6095 6
6096 2
6097 2
6098 14
6099 10
6100 14
6101 77
6102 10
6103 20
6104 10
6105 14
6106 82
6107 20
6108 8
6109 47
6110 2
6111 24
6112 24
6113 7
6114 46
6115 46
6116 24
6117 32
6118 14
6119 44
6120 8
6121 113
6122 21
6123 2
6124 124
6125 52
6126 52
6127 58
6128 16
6129 76
6130 23
6131 50
6132 10
6133 23
6134 62
6135 4
6136 2
6137 32
6138 12
6139 78
6140 28
6141 56
6142 38
6143 52
6144 32
6145 29
6146 8
6147 14
6148 24
6149 26
6150 20
6151 8
6152 8
6153 12
6154 37
6155 24
6156 28
6157 14
6158 48
6159 30
6160 6
6161 43
6162 2
6163 102
6164 34
6165 34
6166 106
6167 16
6168 10
6169 136
6170 13
6171 10
6172 100
6173 47
6174 40
6175 40
6176 20
6177 18
6178 5
6179 30
6180 18
6181 38
6182 18
6183 30
6184 18
6185 11
6186 44
6187 50
6188 8
6189 104
6190 54
6191 28
6192 16
6193 80
6194 26
6195 6
6196 150
6197 61
6198 10
6199 132
6200 14
6201 8
6202 6
6203 38
6204 14
6205 11
6206 34
6207 42
6208 22
6209 20
6210 16
6211 158
6212 38
6213 14
6214 62
6215 6
6216 8
6217 93
6218 29
6219 42
6220 32
6221 11
6222 8
6223 36
6224 10
6225 32
6226 62
6227 26
6228 24
6229 31
6230 14
6231 26
6232 22
6233 26
6234 34
6235 20
6236 64
6237 6
6238 28
6239 4
6240 2
6242 1
6243 2
6244 56
6245 5
6246 46
6247 44
6248 10
6249 82
6250 39
6251 10
6252 40
6253 11
6254 16
6255 16
6256 24
6257 45
6258 8
6259 66
6260 30
6261 40
6262 54
6263 44
6264 14
6265 54
6266 9
6267 6
6268 24
6269 81
6270 4
6271 124
6272 12
6273 6
6274 17
6275 28
6276 46
6277 63
6278 18
6279 6
6280 26
6281 80
6282 24
6283 40
6284 44
6285 20
6286 30
6287 52
6288 16
6289 32
6290 4
6291 6
6292 10
6293 4
6294 6
6295 68
6296 38
6297 72
6298 36
6299 42
6300 12
6301 149
6302 24
6303 10
6304 68
6305 9
6306 58
6307 4
6308 34
6309 28
6310 32
6311 20
6312 8
6313 70
6314 14
6315 22
6316 128
6317 45
6318 6
6319 24
6320 2
6321 6
6322 27
6323 54
6324 14
6325 18
6326 54
6327 14
6328 18
6329 71
6330 24
6331 66
6332 56
6333 48
6334 56
6335 10
6336 8
6337 103
6338 20
6339 32
6340 54
6341 32
6342 10
6343 112
6344 18
6345 30
6346 68
6347 6
6348 20
6349 118
6350 8
6351 26
6352 42
6353 51
6354 8
6355 10
6356 52
6357 14
6358 46
6359 64
6360 4
6361 117
6362 23
6363 12
6364 60
6365 20
6366 12
6367 116
6368 4
6369 40
6370 26
6371 46
6372 10
6373 35
6374 102
6375 16
6376 54
6377 34
6378 22
6379 146
6380 4
6381 26
6382 60
6383 16
6384 4
6385 57
6386 18
6387 22
6388 90
6389 67
6390 4
6391 32
6392 4
6393 78
6394 58
6395 4
6396 4
6397 59
6398 4
6399 2
6401 1
6402 2
6403 22
6404 2
6405 2
6406 158
6407 18
6408 2
6409 15
6410 2
6411 14
6412 36
6413 48
6414 12
6415 20
6416 2
6417 12
6418 25
6419 36
6420 2
6421 141
6422 18
6423 6
6424 22
6425 5
6426 18
6427 38
6428 56
6429 86
6430 54
6431 22
6432 2
6433 86
6434 12
6435 10
6436 94
6437 11
6438 16
6439 64
6440 2
6441 44
6442 57
6443 14
6444 24
6445 23
6446 28
6447 8
6448 20
6449 83
6450 18
6451 170
6452 6
6453 8
6454 48
6455 24
6456 24
6457 74
6458 27
6459 30
6460 10
6461 38
6462 40
6463 36
6464 8
6465 40
6466 29
6467 20
6468 16
6469 49
6470 18
6471 48
6472 30
6473 43
6474 10
6475 20
6476 72
6477 42
6478 32
6479 14
6480 2
6481 13
6482 6
6483 14
6484 162
6485 17
6486 6
6487 32
6488 30
6489 32
6490 34
6491 86
6492 10
6493 104
6494 12
6495 18
6496 14
6497 12
6498 14
6499 26
6500 26
6501 36
6502 94
6503 32
6504 30
6505 56
6506 23
6507 4
6508 12
6509 72
6510 10
6511 40
6512 6
6513 28
6514 78
6515 10
6516 34
6517 90
6518 58
6519 24
6520 18
6521 81
6522 26
6523 42
6524 16
6525 12
6526 90
6527 16
6528 16
6529 121
6530 9
6531 16
6532 50
6533 40
6534 4
6535 68
6536 10
6537 58
6538 52
6539 40
6540 10
6541 114
6542 60
6543 4
6544 42
6545 10
6546 50
6547 94
6548 38
6549 12
6550 58
6551 48
6552 4
6553 95
6554 11
6555 4
6556 20
6557 6
6558 4
6559 4
6560 2
6562 1
6563 2
6564 2
6565 5
6566 24
6567 2
6568 54
6569 55
6570 2
6571 34
6572 12
6573 10
6574 8
6575 36
6576 16
6577 101
6578 8
6579 2
6580 18
6581 101
6582 50
6583 48
6584 4
6585 26
6586 19
6587 28
6588 2
6589 134
6590 26
6591 38
6592 24
6593 34
6594 6
6595 60
6596 34
6597 10
6598 14
6599 36
6600 4
6601 16
6602 23
6603 16
6604 32
6605 32
6606 24
6607 76
6608 8
6609 102
6610 21
6611 14
6612 16
6613 42
6614 74
6615 2
6616 6
6617 27
6618 24
6619 150
6620 8
6621 84
6622 10
6623 8
6624 10
6625 39
6626 3
6627 20
6628 78
6629 26
6630 8
6631 6
6632 14
6633 14
6634 66
6635 22
6636 6
6637 37
6638 52
6639 6
6640 32
6641 17
6642 2
6643 14
6644 40
6645 38
6646 114
6647 28
6648 16
6649 29
6650 12
6651 54
6652 88
6653 17
6654 40
6655 48
6656 36
6657 36
6658 44
6659 90
6660 16
6661 139
6662 34
6663 30
6664 8
6665 40
6666 18
6667 38
6668 48
6669 10
6670 6
6671 6
6672 14
6673 103
6674 16
6675 18
6676 110
6677 8
6678 22
6679 172
6680 22
6681 14
6682 15
6683 4
6684 28
6685 14
6686 36
6687 24
6688 10
6689 85
6690 12
6691 114
6692 22
6693 32
6694 174
6695 12
6696 24
6697 40
6698 7
6699 12
6700 64
6701 59
6702 20
6703 100
6704 40
6705 14
6706 32
6707 12
6708 6
6709 107
6710 10
6711 46
6712 44
6713 38
6714 60
6715 30
6716 8
6717 66
6718 80
6719 68
6720 4
6721 70
6722 4
6723 2
6725 1
6726 2
6727 24
6728 2
6729 84
6730 27
6731 38
6732 8
6733 103
6734 10
6735 24
6736 66
6737 49
6738 22
6739 40
6740 14
6741 44
6742 74
6743 22
6744 18
6745 30
6746 43
6747 8
6748 48
6749 9
6750 36
6751 14
6752 20
6753 46
6754 46
6755 12
6756 44
6757 9
6758 18
6759 44
6760 8
6761 53
6762 12
6763 130
6764 40
6765 2
6766 24
6767 18
6768 6
6769 138
6770 5
6771 6
6772 70
6773 16
6774 8
6775 52
6776 10
6777 72
6778 31
6779 6
6780 20
6781 127
6782 8
6783 6
6784 64
6785 40
6786 18
6787 40
6788 46
6789 38
6790 28
6791 28
6792 18
6793 71
6794 28
6795 8
6796 132
6797 8
6798 4
6799 92
6800 6
6801 100
6802 50
6803 38
6804 8
6805 4
6806 2
6807 6
6808 26
6809 6
6810 6
6811 72
6812 12
6813 30
6814 112
6815 18
6816 12
6817 41
6818 8
6819 18
6820 6
6821 34
6822 18
6823 52
6824 42
6825 22
6826 85
6827 42
6828 24
6829 161
6830 18
6831 18
6832 8
6833 47
6834 6
6835 18
6836 86
6837 24
6838 48
6839 14
6840 12
6841 123
6842 18
6843 20
6844 32
6845 19
6846 22
6847 80
6848 20
6849 20
6850 5
6851 18
6852 26
6853 44
6854 8
6855 18
6856 6
6857 53
6858 26
6859 90
6860 32
6861 94
6862 36
6863 40
6864 16
6865 51
6866 17
6867 18
6868 8
6869 27
6870 18
6871 120
6872 14
6873 30
6874 62
6875 26
6876 28
6877 60
6878 28
6879 50
6880 24
6881 76
6882 10
6883 106
6884 66
6885 6
6886 18
6887 4
6888 2
6890 1
6891 2
6892 80
6893 5
6894 40
6895 22
6896 32
6897 22
6898 50
6899 58
6900 8
6901 10
6902 10
6903 12
6904 72
6905 16
6906 68
6907 62
6908 6
6909 10
6910 50
6911 76
6912 20
6913 116
6914 20
6915 16
6916 18
6917 63
6918 18
6919 28
6920 18
6921 62
6922 39
6923 10
6924 10
6925 27
6926 52
6927 10
6928 38
6929 19
6930 4
6931 72
6932 58
6933 18
6934 150
6935 14
6936 14
6937 82
6938 27
6939 54
6940 12
6941 30
6942 6
6943 20
6944 4
6945 6
6946 18
6947 38
6948 26
6949 17
6950 6
6951 26
6952 30
6953 5
6954 24
6955 42
6956 12
6957 48
6958 12
6959 88
6960 8
6961 121
6962 14
6963 6
6964 130
6965 24
6966 24
6967 108
6968 6
6969 46
6970 5
6971 58
6972 2
6973 90
6974 44
6975 12
6976 60
6977 45
6978 38
6979 76
6980 14
6981 20
6982 94
6983 64
6984 8
6985 52
6986 30
6987 10
6988 108
6989 5
6990 30
6991 116
6992 10
6993 16
6994 9
6995 12
6996 26
6997 33
6998 38
6999 30
7000 4
7001 77
7002 34
7003 42
7004 8
7005 30
7006 10
7007 12
7008 8
7009 128
7010 17
7011 14
7012 86
7013 9
7014 4
7015 22
7016 50
7017 56
7018 8
7019 30
7020 16
7021 82
7022 60
7023 42
7024 8
7025 13
7026 22
7027 94
7028 4
7029 18
7030 32
7031 12
7032 4
7033 39
7034 43
7035 4
7036 160
7037 58
7038 8
7039 152
7040 8
7041 94
7042 4
7043 46
7044 4
7045 21
7046 38
7047 8
7048 4
7049 4
7050 4
7051 16
7052 4
7053 4
7054 4
7055 2
7057 1
7058 2
7059 2
7060 2
7061 34
7062 2
7063 2
7064 2
7065 8
7066 57
7067 26
7068 2
7069 123
7070 2
7071 54
7072 8
7073 50
7074 10
7075 50
7076 26
7077 2
7078 94
7079 52
7080 2
7081 78
7082 15
7083 22
7084 2
7085 15
7086 48
7087 46
7088 8
7089 38
7090 15
7091 24
7092 8
7093 29
7094 42
7095 6
7096 64
7097 36
7098 2
7099 76
7100 14
7101 24
7102 50
7103 44
7104 8
7105 24
7106 18
7107 4
7108 86
7109 27
7110 16
7111 72
7112 2
7113 58
7114 79
7115 38
7116 40
7117 18
7118 44
7119 8
7120 18
7121 89
7122 22
7123 46
7124 22
7125 36
7126 16
7127 44
7128 10
7129 107
7130 20
7131 22
7132 92
7133 10
7134 24
7135 44
7136 16
7137 4
7138 42
7139 22
7140 2
7141 77
7142 66
7143 22
7144 34
7145 18
7146 40
7147 36
7148 16
7149 114
7150 28
7151 96
7152 8
7153 94
7154 28
7155 24
7156 146
7157 12
7158 30
7159 152
7160 14
7161 22
7162 69
7163 12
7164 40
7165 73
7166 76
7167 26
7168 8
7169 74
7170 28
7171 46
7172 30
7173 60
7174 46
7175 16
7176 14
7177 119
7178 9
7179 66
7180 28
7181 14
7182 10
7183 54
7184 30
7185 32
7186 53
7187 42
7188 28
7189 72
7190 36
7191 4
7192 22
7193 59
7194 16
7195 52
7196 24
7197 60
7198 66
7199 40
7200 8
7201 124
7202 9
7203 30
7204 122
7205 12
7206 18
7207 104
7208 4
7209 84
7210 22
7211 74
7212 6
7213 11
7214 84
7215 4
7216 32
7217 54
7218 16
7219 170
7220 4
7221 6
7222 24
7223 4
7224 2
7226 1
7227 2
7228 24
7229 5
7230 2
7231 42
7232 6
7233 60
7234 12
7235 2
7236 30
7237 75
7238 4
7239 26
7240 30
7241 35
7242 2
7243 90
7244 16
7245 10
7246 156
7247 48
7248 10
7249 48
7250 13
7251 42
7252 8
7253 53
7254 24
7255 56
7256 34
7257 22
7258 46
7259 2
7260 12
7261 87
7262 12
7263 42
7264 72
7265 19
7266 14
7267 38
7268 30
7269 76
7270 58
7271 26
7272 18
7273 24
7274 43
7275 8
7276 68
7277 60
7278 24
7279 12
7280 4
7281 92
7282 6
7283 38
7284 62
7285 46
7286 78
7287 10
7288 52
7289 18
7290 32
7291 82
7292 44
7293 10
7294 92
7295 20
7296 4
7297 95
7298 8
7299 38
7300 10
7301 18
7302 58
7303 62
7304 10
7305 50
7306 21
7307 46
7308 4
7309 57
7310 2
7311 6
7312 46
7313 34
7314 16
7315 6
7316 50
7317 18
7318 102
7319 20
7320 10
7321 111
7322 16
7323 46
7324 164
7325 7
7326 34
7327 44
7328 16
7329 58
7330 7
7331 22
7332 12
7333 99
7334 22
7335 12
7336 40
7337 24
7338 44
7339 6
7340 36
7341 112
7342 96
7343 20
7344 20
7345 33
7346 38
7347 10
7348 48
7349 67
7350 8
7351 156
7352 28
7353 4
7354 85
7355 16
7356 14
7357 126
7358 18
7359 8
7360 24
7361 34
7362 16
7363 46
7364 34
7365 40
7366 70
7367 20
7368 18
7369 123
7370 20
7371 18
7372 48
7373 31
7374 12
7375 10
7376 34
7377 44
7378 10
7379 42
7380 8
7381 42
7382 62
7383 8
7384 30
7385 34
7386 50
7387 10
7388 8
7389 100
7390 42
7391 34
7392 4
7393 117
7394 4
7395 2
7397 1
7398 2
7399 52
7400 2
7401 110
7402 31
7403 26
7404 8
7405 24
7406 10
7407 36
7408 64
7409 52
7410 6
7411 146
7412 14
7413 4
7414 78
7415 4
7416 20
7417 105
7418 13
7419 18
7420 24
7421 29
7422 32
7423 12
7424 28
7425 6
7426 6
7427 26
7428 38
7429 94
7430 26
7431 50
7432 20
7433 43
7434 20
7435 54
7436 40
7437 12
7438 100
7439 2
7440 6
7441 36
7442 25
7443 10
7444 42
7445 38
7446 14
7447 46
7448 12
7449 8
7450 7
7451 42
7452 14
7453 8
7454 72
7455 6
7456 18
7457 47
7458 14
7459 66
7460 22
7461 30
7462 34
7463 32
7464 8
7465 3
7466 31
7467 10
7468 60
7469 24
7470 6
7471 28
7472 28
7473 10
7474 37
7475 8
7476 24
7477 85
7478 70
7479 10
7480 14
7481 15
7482 2
7483 52
7484 112
7485 46
7486 40
7487 64
7488 8
7489 133
7490 8
7491 14
7492 114
7493 42
7494 20
7495 56
7496 18
7497 16
7498 62
7499 82
7500 36
7501 73
7502 30
7503 16
7504 10
7505 16
7506 54
7507 98
7508 38
7509 62
7510 8
7511 4
7512 6
7513 18
7514 6
7515 26
7516 144
7517 11
7518 18
7519 60
7520 12
7521 36
7522 17
7523 50
7524 20
7525 56
7526 30
7527 18
7528 10
7529 93
7530 14
7531 32
7532 16
7533 8
7534 144
7535 10
7536 14
7537 23
7538 9
7539 34
7540 4
7541 29
7542 22
7543 54
7544 8
7545 30
7546 64
7547 66
7548 16
7549 157
7550 44
7551 12
7552 40
7553 22
7554 54
7555 60
7556 66
7557 12
7558 58
7559 40
7560 6
7561 151
7562 30
7563 4
7564 68
7565 6
7566 4
7567 4
7568 2
7570 1
7571 2
7572 2
7573 5
7574 26
7575 2
7576 78
7577 35
7578 8
7579 32
7580 12
7581 10
7582 16
7583 72
7584 20
7585 11
7586 28
7587 10
7588 4
7589 23
7590 6
7591 24
7592 10
7593 60
7594 61
7595 14
7596 44
7597 110
7598 2
7599 30
7600 10
7601 18
7602 14
7603 102
7604 6
7605 28
7606 194
7607 28
7608 8
7609 130
7610 3
7611 18
7612 32
7613 42
7614 34
7615 68
7616 8
7617 86
7618 23
7619 14
7620 22
7621 137
7622 22
7623 14
7624 38
7625 26
7626 20
7627 2
7628 12
7629 68
7630 22
7631 44
7632 20
7633 39
7634 42
7635 20
7636 18
7637 40
7638 8
7639 44
7640 8
7641 30
7642 39
7643 10
7644 6
7645 12
7646 88
7647 30
7648 32
7649 71
7650 4
7651 66
7652 54
7653 46
7654 82
7655 4
7656 2
7657 42
7658 6
7659 12
7660 80
7661 84
7662 36
7663 18
7664 28
7665 6
7666 10
7667 14
7668 10
7669 55
7670 12
7671 14
7672 14
7673 21
7674 10
7675 54
7676 26
7677 58
7678 32
7679 40
7680 20
7681 153
7682 12
7683 22
7684 58
7685 10
7686 24
7687 124
7688 20
7689 36
7690 10
7691 38
7692 40
7693 108
7694 20
7695 20
7696 22
7697 60
7698 38
7699 130
7700 4
7701 62
7702 90
7703 40
7704 22
7705 10
7706 39
7707 10
7708 56
7709 11
7710 14
7711 18
7712 8
7713 60
7714 40
7715 26
7716 14
7717 21
7718 30
7719 6
7720 22
7721 26
7722 4
7723 142
7724 40
7725 48
7726 44
7727 40
7728 4
7729 132
7730 13
7731 46
7732 110
7733 4
7734 58
7735 10
7736 4
7737 84
7738 21
7739 38
7740 4
7741 99
7742 4
7743 2
7745 1
7746 2
7747 36
7748 2
7749 10
7750 58
7751 40
7752 2
7753 35
7754 31
7755 2
7756 42
7757 13
7758 48
7759 148
7760 2
7761 18
7762 17
7763 24
7764 52
7765 67
7766 2
7767 44
7768 38
7769 26
7770 8
7771 90
7772 6
7773 44
7774 6
7775 28
7776 8
7777 48
7778 32
7779 4
7780 22
7781 72
7782 14
7783 30
7784 16
7785 38
7786 6
7787 20
7788 2
7789 111
7790 10
7791 4
7792 56
7793 51
7794 16
7795 64
7796 18
7797 32
7798 34
7799 42
7800 10
7801 67
7802 18
7803 6
7804 140
7805 18
7806 56
7807 48
7808 20
7809 48
7810 28
7811 34
7812 12
7813 56
7814 106
7815 12
7816 12
7817 5
7818 26
7819 74
7820 8
7821 56
7822 36
7823 64
7824 18
7825 15
7826 20
7827 30
7828 12
7829 23
7830 6
7831 44
7832 2
7833 6
7834 77
7835 42
7836 48
7837 33
7838 28
7839 18
7840 12
7841 89
7842 22
7843 26
7844 24
7845 10
7846 46
7847 6
7848 24
7849 144
7850 5
7851 36
7852 56
7853 57
7854 14
7855 88
7856 44
7857 50
7858 11
7859 26
7860 12
7861 8
7862 6
7863 46
7864 60
7865 34
7866 6
7867 86
7868 12
7869 22
7870 26
7871 12
7872 20
7873 9
7874 20
7875 20
7876 70
7877 13
7878 8
7879 64
7880 10
7881 6
7882 56
7883 14
7884 20
7885 14
7886 76
7887 12
7888 26
7889 60
7890 34
7891 8
7892 18
7893 22
7894 118
7895 20
7896 10
7897 23
7898 16
7899 30
7900 6
7901 89
7902 28
7903 24
7904 20
7905 24
7906 42
7907 70
7908 32
7909 122
7910 12
7911 14
7912 24
7913 27
7914 64
7915 42
7916 56
7917 6
7918 70
7919 4
7920 2
7922 1
7923 2
7924 88
7925 5
7926 24
7927 64
7928 16
7929 92
7930 13
7931 12
7932 10
7933 101
7934 64
7935 18
7936 10
7937 33
7938 4
7939 38
7940 38
7941 78
7942 16
7943 22
7944 14
7945 58
7946 21
7947 42
7948 20
7949 17
7950 8
7951 136
7952 10
7953 44
7954 10
7955 12
7956 8
7957 16
7958 18
7959 26
7960 32
7961 66
7962 34
7963 58
7964 10
7965 10
7966 6
7967 8
7968 10
7969 63
7970 17
7971 42
7972 86
7973 4
7974 46
7975 24
7976 38
7977 62
7978 41
7979 30
7980 4
7981 182
7982 22
7983 20
7984 12
7985 27
7986 50
7987 42
7988 46
7989 48
7990 26
7991 60
7992 12
7993 65
7994 10
7995 10
7996 152
7997 10
7998 22
7999 22
8000 24
8001 42
8002 24
8003 26
8004 18
8005 15
8006 70
8007 10
8008 12
8009 93
8010 2
8011 150
8012 64
8013 54
8014 84
8015 10
8016 28
8017 39
8018 22
8019 28
8020 12
8021 17
8022 22
8023 8
8024 12
8025 12
8026 79
8027 22
8028 8
8029 64
8030 22
8031 58
8032 44
8033 32
8034 30
8035 54
8036 32
8037 36
8038 130
8039 80
8040 4
8041 58
8042 23
8043 20
8044 172
8045 34
8046 16
8047 40
8048 20
8049 14
8050 20
8051 10
8052 16
8053 87
8054 94
8055 4
8056 36
8057 24
8058 14
8059 14
8060 8
8061 136
8062 54
8063 26
8064 4
8065 55
8066 19
8067 14
8068 110
8069 17
8070 4
8071 56
8072 16
8073 16
8074 10
8075 6
8076 8
8077 27
8078 16
8079 66
8080 4
8081 59
8082 4
8083 10
8084 6
8085 4
8086 108
8087 52
8088 4
8089 155
8090 4
8091 4
8092 8
8093 45
8094 4
8095 4
8096 4
8097 4
8098 4
8099 2
8101 1
8102 2
8103 2
8104 2
8105 2
8106 2
8107 50
8108 8
8109 2
8110 2
8111 76
8112 2
8113 14
8114 34
8115 2
8116 14
8117 43
8118 2
8119 32
8120 2
8121 18
8122 70
8123 34
8124 8
8125 11
8126 8
8127 14
8128 28
8129 84
8130 2
8131 58
8132 24
8133 52
8134 76
8135 32
8136 2
8137 80
8138 14
8139 26
8140 8
8141 94
8142 6
8143 72
8144 34
8145 2
8146 21
8147 42
8148 10
8149 34
8150 12
8151 12
8152 70
8153 20
8154 14
8155 36
8156 96
8157 50
8158 100
8159 28
8160 2
8161 123
8162 10
8163 34
8164 28
8165 8
8166 50
8167 124
8168 26
8169 44
8170 26
8171 94
8172 8
8173 44
8174 38
8175 14
8176 44
8177 17
8178 18
8179 122
8180 14
8181 36
8182 58
8183 8
8184 12
8185 5
8186 35
8187 46
8188 40
8189 76
8190 2
8191 164
8192 48
8193 74
8194 20
8195 8
8196 44
8197 18
8198 70
8199 56
8200 10
8201 66
8202 36
8203 38
8204 52
8205 38
8206 96
8207 16
8208 14
8209 145
8210 17
8211 14
8212 130
8213 72
8214 40
8215 44
8216 14
8217 26
8218 40
8219 94
8220 8
8221 111
8222 48
8223 30
8224 6
8225 24
8226 28
8227 18
8228 6
8229 12
8230 50
8231 72
8232 22
8233 133
8234 38
8235 12
8236 42
8237 51
8238 20
8239 30
8240 16
8241 58
8242 29
8243 82
8244 14
8245 17
8246 14
8247 38
8248 56
8249 25
8250 18
8251 84
8252 44
8253 12
8254 196
8255 4
8256 16
8257 96
8258 20
8259 42
8260 30
8261 90
8262 42
8263 72
8264 22
8265 18
8266 33
8267 4
8268 4
8269 181
8270 22
8271 56
8272 26
8273 43
8274 4
8275 64
8276 26
8277 6
8278 130
8279 4
8280 2
8282 1
8283 2
8284 72
8285 5
8286 32
8287 100
8288 2
8289 26
8290 29
8291 50
8292 38
8293 91
8294 2
8295 2
8296 30
8297 67
8298 34
8299 20
8300 24
8301 58
8302 24
8303 34
8304 32
8305 24
8306 10
8307 2
8308 14
8309 10
8310 24
8311 12
8312 16
8313 30
8314 77
8315 30
8316 20
8317 131
8318 44
8319 22
8320 28
8321 5
8322 4
8323 30
8324 10
8325 6
8326 52
8327 30
8328 14
8329 137
8330 18
8331 66
8332 144
8333 10
8334 64
8335 12
8336 34
8337 30
8338 50
8339 12
8340 6
8341 44
8342 6
8343 8
8344 22
8345 25
8346 34
8347 26
8348 52
8349 36
8350 60
8351 36
8352 16
8353 113
8354 3
8355 28
8356 42
8357 4
8358 22
8359 80
8360 6
8361 84
8362 23
8363 10
8364 16
8365 74
8366 18
8367 34
8368 44
8369 99
8370 8
8371 54
8372 2
8373 6
8374 34
8375 26
8376 36
8377 89
8378 16
8379 24
8380 44
8381 15
8382 12
8383 58
8384 40
8385 18
8386 18
8387 58
8388 36
8389 129
8390 36
8391 34
8392 14
8393 18
8394 66
8395 40
8396 24
8397 32
8398 16
8399 16
8400 8
8401 152
8402 38
8403 6
8404 6
8405 18
8406 10
8407 22
8408 34
8409 114
8410 23
8411 36
8412 16
8413 88
8414 40
8415 6
8416 52
8417 34
8418 4
8419 146
8420 12
8421 44
8422 86
8423 68
8424 24
8425 57
8426 10
8427 8
8428 36
8429 77
8430 22
8431 132
8432 12
8433 58
8434 82
8435 10
8436 34
8437 14
8438 10
8439 22
8440 34
8441 4
8442 16
8443 94
8444 68
8445 34
8446 48
8447 12
8448 8
8449 70
8450 13
8451 30
8452 94
8453 76
8454 34
8455 16
8456 4
8457 84
8458 41
8459 34
8460 4
8461 29
8462 4
8463 2
8465 1
8466 2
8467 130
8468 2
8469 64
8470 20
8471 34
8472 2
8473 6
8474 44
8475 20
8476 56
8477 52
8478 28
8479 16
8480 8
8481 50
8482 44
8483 14
8484 24
8485 87
8486 90
8487 2
8488 50
8489 24
8490 4
8491 74
8492 24
8493 12
8494 48
8495 32
8496 8
8497 49
8498 12
8499 34
8500 50
8501 9
8502 20
8503 18
8504 40
8505 6
8506 89
8507 20
8508 10
8509 154
8510 2
8511 30
8512 24
8513 51
8514 26
8515 16
8516 82
8517 6
8518 42
8519 16
8520 6
8521 145
8522 19
8523 14
8524 108
8525 8
8526 28
8527 104
8528 14
8529 104
8530 11
8531 22
8532 10
8533 38
8534 22
8535 28
8536 8
8537 69
8538 6
8539 30
8540 12
8541 58
8542 124
8543 8
8544 28
8545 9
8546 6
8547 4
8548 106
8549 24
8550 8
8551 100
8552 18
8553 54
8554 34
8555 4
8556 2
8557 28
8558 36
8559 58
8560 24
8561 80
8562 30
8563 130
8564 70
8565 38
8566 138
8567 20
8568 8
8569 14
8570 25
8571 20
8572 40
8573 37
8574 48
8575 52
8576 44
8577 84
8578 22
8579 48
8580 10
8581 23
8582 18
8583 46
8584 50
8585 12
8586 14
8587 4
8588 12
8589 18
8590 58
8591 38
8592 16
8593 57
8594 42
8595 20
8596 80
8597 7
8598 30
8599 92
8600 20
8601 18
8602 18
8603 6
8604 32
8605 12
8606 38
8607 18
8608 48
8609 59
8610 10
8611 96
8612 6
8613 6
8614 90
8615 40
8616 28
8617 108
8618 4
8619 22
8620 28
8621 30
8622 36
8623 32
8624 12
8625 40
8626 74
8627 42
8628 16
8629 47
8630 22
8631 8
8632 26
8633 40
8634 28
8635 18
8636 12
8637 12
8638 30
8639 32
8640 8
8641 123
8642 11
8643 4
8644 122
8645 6
8646 4
8647 4
8648 2
8650 1
8651 2
8652 2
8653 5
8654 100
8655 2
8656 74
8657 48
8658 8
8659 72
8660 26
8661 10
8662 50
8663 32
8664 10
8665 51
8666 40
8667 10
8668 64
8669 29
8670 18
8671 16
8672 8
8673 34
8674 84
8675 34
8676 34
8677 117
8678 34
8679 20
8680 2
8681 83
8682 38
8683 10
8684 64
8685 28
8686 44
8687 8
8688 10
8689 25
8690 10
8691 58
8692 6
8693 39
8694 20
8695 32
8696 44
8697 22
8698 55
8699 78
8700 16
8701 30
8702 32
8703 36
8704 28
8705 14
8706 62
8707 14
8708 4
8709 108
8710 4
8711 2
8712 6
8713 33
8714 19
8715 6
8716 160
8717 16
8718 16
8719 196
8720 6
8721 40
8722 36
8723 16
8724 54
8725 18
8726 102
8727 30
8728 50
8729 30
8730 26
8731 46
8732 20
8733 38
8734 60
8735 8
8736 8
8737 121
8738 4
8739 26
8740 34
8741 57
8742 2
8743 48
8744 38
8745 6
8746 87
8747 38
8748 68
8749 22
8750 26
8751 66
8752 64
8753 45
8754 70
8755 14
8756 38
8757 12
8758 64
8759 58
8760 8
8761 5
8762 10
8763 14
8764 68
8765 45
8766 64
8767 42
8768 14
8769 10
8770 37
8771 42
8772 22
8773 10
8774 10
8775 16
8776 42
8777 26
8778 8
8779 202
8780 16
8781 108
8782 32
8783 56
8784 26
8785 64
8786 12
8787 24
8788 74
8789 4
8790 6
8791 62
8792 16
8793 88
8794 15
8795 28
8796 30
8797 86
8798 30
8799 6
8800 32
8801 28
8802 26
8803 22
8804 38
8805 38
8806 10
8807 64
8808 18
8809 144
8810 20
8811 10
8812 84
8813 64
8814 38
8815 8
8816 16
8817 84
8818 38
8819 42
8820 8
8821 177
8822 14
8823 16
8824 88
8825 25
8826 46
8827 28
8828 8
8829 22
8830 34
8831 104
8832 4
8833 74
8834 4
8835 2
8837 1
8838 2
8839 156
8840 2
8841 22
8842 67
8843 18
8844 8
8845 26
8846 48
8847 16
8848 18
8849 93
8850 20
8851 58
8852 14
8853 24
8854 6
8855 4
8856 22
8857 53
8858 30
8859 34
8860 48
8861 19
8862 6
8863 28
8864 40
8865 6
8866 46
8867 54
8868 26
8869 140
8870 46
8871 58
8872 26
8873 58
8874 12
8875 62
8876 18
8877 30
8878 26
8879 40
8880 12
8881 128
8882 9
8883 2
8884 62
8885 17
8886 34
8887 112
8888 8
8889 104
8890 6
8891 28
8892 20
8893 107
8894 68
8895 14
8896 68
8897 18
8898 30
8899 6
8900 8
8901 52
8902 110
8903 20
8904 16
8905 11
8906 9
8907 38
8908 76
8909 8
8910 16
8911 34
8912 6
8913 78
8914 66
8915 42
8916 52
8917 41
8918 26
8919 52
8920 6
8921 72
8922 44
8923 54
8924 32
8925 4
8926 184
8927 24
8928 4
8929 143
8930 2
8931 6
8932 6
8933 73
8934 26
8935 56
8936 50
8937 6
8938 21
8939 24
8940 24
8941 207
8942 12
8943 18
8944 14
8945 15
8946 6
8947 84
8948 66
8949 12
8950 70
8951 60
8952 12
8953 112
8954 50
8955 32
8956 144
8957 12
8958 44
8959 68
8960 12
8961 58
8962 6
8963 46
8964 10
8965 54
8966 90
8967 18
8968 30
8969 103
8970 8
8971 158
8972 40
8973 22
8974 30
8975 12
8976 12
8977 102
8978 54
8979 10
8980 38
8981 66
8982 18
8983 56
8984 46
8985 52
8986 55
8987 4
8988 16
8989 77
8990 14
8991 60
8992 14
8993 42
8994 50
8995 32
8996 22
8997 92
8998 22
8999 36
9000 14
9001 137
9002 24
9003 20
9004 20
9005 12
9006 4
9007 68
9008 16
9009 24
9010 21
9011 94
9012 38
9013 131
9014 66
9015 4
9016 24
9017 52
9018 12
9019 78
9020 4
9021 6
9022 42
9023 4
9024 2
9026 1
9027 2
9028 34
9029 5
9030 2
9031 98
9032 10
9033 40
9034 27
9035 2
9036 20
9037 64
9038 48
9039 22
9040 26
9041 83
9042 10
9043 98
9044 2
9045 10
9046 170
9047 26
9048 6
9049 15
9050 7
9051 26
9052 16
9053 70
9054 48
9055 60
9056 32
9057 74
9058 28
9059 66
9060 22
9061 29
9062 6
9063 2
9064 38
9065 36
9066 48
9067 98
9068 56
9069 124
9070 62
9071 32
9072 8
9073 40
9074 19
9075 14
9076 50
9077 20
9078 18
9079 24
9080 22
9081 10
9082 38
9083 26
9084 22
9085 10
9086 4
9087 4
9088 4
9089 11
9090 24
9091 170
9092 38
9093 10
9094 50
9095 16
9096 18
9097 128
9098 31
9099 24
9100 12
9101 10
9102 18
9103 100
9104 38
9105 30
9106 29
9107 16
9108 18
9109 69
9110 28
9111 66
9112 10
9113 22
9114 18
9115 42
9116 22
9117 68
9118 22
9119 18
9120 2
9121 138
9122 36
9123 38
9124 130
9125 41
9126 40
9127 104
9128 14
9129 56
9130 42
9131 38
9132 28
9133 29
9134 76
9135 14
9136 92
9137 57
9138 22
9139 48
9140 26
9141 36
9142 74
9143 8
9144 12
9145 36
9146 27
9147 12
9148 96
9149 20
9150 24
9151 52
9152 4
9153 24
9154 24
9155 8
9156 10
9157 117
9158 22
9159 22
9160 26
9161 79
9162 38
9163 36
9164 56
9165 22
9166 24
9167 32
9168 4
9169 59
9170 10
9171 30
9172 126
9173 29
9174 34
9175 72
9176 14
9177 22
9178 27
9179 46
9180 12
9181 37
9182 52
9183 38
9184 4
9185 32
9186 78
9187 62
9188 70
9189 102
9190 64
9191 10
9192 4
9193 57
9194 47
9195 24
9196 28
9197 5
9198 12
9199 180
9200 4
9201 118
9202 58
9203 38
9204 4
9205 18
9206 82
9207 6
9208 4
9209 75
9210 4
9211 54
9212 4
9213 4
9214 4
9215 2
9217 1
9218 2
9219 2
9220 2
9221 31
9222 2
9223 68
9224 2
9225 8
9226 90
9227 74
9228 2
9229 26
9230 18
9231 16
9232 2
9233 64
9234 10
9235 6
9236 50
9237 38
9238 42
9239 88
9240 2
9241 167
9242 17
9243 12
9244 196
9245 50
9246 16
9247 52
9248 2
9249 120
9250 21
9251 28
9252 8
9253 16
9254 36
9255 26
9256 50
9257 45
9258 38
9259 62
9260 28
9261 30
9262 64
9263 22
9264 2
9265 31
9266 8
9267 30
9268 38
9269 14
9270 26
9271 32
9272 12
9273 32
9274 67
9275 12
9276 68
9277 43
9278 12
9279 60
9280 2
9281 23
9282 6
9283 142
9284 36
9285 14
9286 182
9287 24
9288 10
9289 22
9290 5
9291 14
9292 18
9293 3
9294 8
9295 26
9296 24
9297 66
9298 35
9299 38
9300 6
9301 14
9302 34
9303 14
9304 102
9305 5
9306 16
9307 82
9308 12
9309 44
9310 30
9311 108
9312 2
9313 72
9314 14
9315 16
9316 32
9317 66
9318 54
9319 164
9320 18
9321 8
9322 8
9323 10
9324 16
9325 7
9326 8
9327 26
9328 18
9329 78
9330 16
9331 8
9332 66
9333 48
9334 74
9335 44
9336 20
9337 111
9338 8
9339 30
9340 12
9341 23
9342 40
9343 104
9344 8
9345 6
9346 96
9347 24
9348 20
9349 173
9350 16
9351 56
9352 12
9353 64
9354 72
9355 48
9356 84
9357 48
9358 68
9359 12
9360 8
9361 82
9362 8
9363 18
9364 54
9365 29
9366 22
9367 30
9368 30
9369 88
9370 43
9371 10
9372 6
9373 60
9374 44
9375 42
9376 84
9377 71
9378 10
9379 6
9380 14
9381 54
9382 30
9383 18
9384 14
9385 61
9386 32
9387 24
9388 132
9389 15
9390 20
9391 164
9392 28
9393 24
9394 8
9395 52
9396 12
9397 123
9398 32
9399 18
9400 24
9401 30
9402 54
9403 150
9404 32
9405 6
9406 132
9407 4
9408 2
9410 1
9411 2
9412 18
9413 5
9414 22
9415 18
9416 26
9417 38
9418 19
9419 22
9420 16
9421 157
9422 6
9423 26
9424 34
9425 10
9426 62
9427 38
9428 14
9429 48
9430 4
9431 16
9432 14
9433 111
9434 7
9435 4
9436 28
9437 41
9438 20
9439 156
9440 12
9441 104
9442 13
9443 12
9444 58
9445 54
9446 34
9447 18
9448 6
9449 66
9450 6
9451 88
9452 32
9453 8
9454 106
9455 8
9456 16
9457 74
9458 7
9459 62
9460 8
9461 119
9462 10
9463 120
9464 18
9465 58
9466 75
9467 10
9468 24
9469 84
9470 18
9471 12
9472 12
9473 73
9474 6
9475 64
9476 32
9477 12
9478 60
9479 24
9480 14
9481 126
9482 28
9483 14
9484 124
9485 12
9486 32
9487 80
9488 22
9489 114
9490 4
9491 78
9492 12
9493 114
9494 54
9495 12
9496 86
9497 39
9498 28
9499 40
9500 14
9501 112
9502 132
9503 4
9504 6
9505 4
9506 2
9507 6
9508 118
9509 27
9510 6
9511 148
9512 10
9513 46
9514 76
9515 14
9516 6
9517 38
9518 56
9519 36
9520 16
9521 81
9522 32
9523 14
9524 110
9525 12
9526 38
9527 20
9528 32
9529 89
9530 19
9531 54
9532 76
9533 39
9534 18
9535 88
9536 44
9537 30
9538 70
9539 6
9540 14
9541 84
9542 36
9543 38
9544 34
9545 46
9546 26
9547 78
9548 8
9549 128
9550 24
9551 24
9552 26
9553 9
9554 8
9555 4
9556 178
9557 74
9558 26
9559 30
9560 8
9561 82
9562 66
9563 42
9564 68
9565 11
9566 64
9567 32
9568 14
9569 82
9570 10
9571 46
9572 50
9573 92
9574 154
9575 24
9576 4
9577 55
9578 7
9579 22
9580 48
9581 10
9582 32
9583 34
9584 48
9585 50
9586 13
9587 66
9588 6
9589 116
9590 4
9591 18
9592 32
9593 25
9594 26
9595 16
9596 8
9597 4
9598 108
9599 44
9600 4
9601 173
9602 4
9603 2
9605 1
9606 2
9607 40
9608 2
9609 88
9610 44
9611 2
9612 8
9613 31
9614 14
9615 24
9616 50
9617 50
9618 2
9619 206
9620 14
9621 102
9622 54
9623 56
9624 22
9625 48
9626 43
9627 30
9628 20
9629 97
9630 10
9631 116
9632 2
9633 34
9634 5
9635 6
9636 24
9637 120
9638 30
9639 28
9640 6
9641 86
9642 28
9643 134
9644 44
9645 14
9646 30
9647 30
9648 20
9649 139
9650 16
9651 22
9652 36
9653 2
9654 18
9655 72
9656 20
9657 36
9658 56
9659 10
9660 8
9661 69
9662 64
9663 42
9664 40
9665 23
9666 6
9667 38
9668 62
9669 8
9670 6
9671 46
9672 8
9673 23
9674 40
9675 22
9676 6
9677 49
9678 36
9679 92
9680 12
9681 64
9682 34
9683 28
9684 12
9685 37
9686 40
9687 22
9688 24
9689 103
9690 10
9691 46
9692 72
9693 16
9694 82
9695 18
9696 32
9697 123
9698 5
9699 38
9700 54
9701 26
9702 2
9703 52
9704 30
9705 38
9706 110
9707 26
9708 32
9709 26
9710 14
9711 32
9712 44
9713 58
9714 66
9715 32
9716 10
9717 34
9718 22
9719 60
9720 26
9721 129
9722 5
9723 14
9724 48
9725 7
9726 36
9727 64
9728 28
9729 38
9730 26
9731 8
9732 50
9733 125
9734 34
9735 4
9736 6
9737 30
9738 44
9739 210
9740 36
9741 68
9742 16
9743 48
9744 10
9745 26
9746 42
9747 16
9748 118
9749 21
9750 22
9751 44
9752 8
9753 84
9754 81
9755 28
9756 52
9757 12
9758 12
9759 66
9760 36
9761 72
9762 46
9763 36
9764 78
9765 12
9766 30
9767 76
9768 4
9769 159
9770 13
9771 50
9772 72
9773 7
9774 16
9775 28
9776 20
9777 82
9778 21
9779 4
9780 22
9781 157
9782 8
9783 4
9784 68
9785 28
9786 20
9787 70
9788 80
9789 12
9790 4
9791 72
9792 4
9793 136
9794 50
9795 4
9796 58
9797 6
9798 4
9799 4
9800 2
9802 1
9803 2
9804 2
9805 5
9806 96
9807 2
9808 62
9809 36
9810 2
9811 202
9812 2
9813 10
9814 70
9815 16
9816 10
9817 95
9818 33
9819 2
9820 20
9821 38
9822 36
9823 2
9824 48
9825 52
9826 60
9827 34
9828 14
9829 5
9830 10
9831 18
9832 74
9833 5
9834 2
9835 6
9836 20
9837 10
9838 92
9839 104
9840 4
9841 30
9842 8
9843 18
9844 92
9845 10
9846 26
9847 6
9848 20
9849 16
9850 26
9851 106
9852 24
9853 130
9854 30
9855 14
9856 16
9857 73
9858 22
9859 154
9860 18
9861 48
9862 90
9863 6
9864 10
9865 61
9866 29
9867 2
9868 12
9869 16
9870 10
9871 8
9872 34
9873 56
9874 62
9875 26
9876 54
9877 50
9878 18
9879 36
9880 10
9881 21
9882 8
9883 122
9884 36
9885 52
9886 8
9887 40
9888 16
9889 74
9890 14
9891 20
9892 126
9893 37
9894 30
9895 8
9896 46
9897 12
9898 60
9899 30
9900 2
9901 33
9902 16
9903 38
9904 72
9905 10
9906 34
9907 46
9908 30
9909 14
9910 52
9911 12
9912 10
9913 112
9914 45
9915 26
9916 58
9917 12
9918 14
9919 42
9920 8
9921 114
9922 32
9923 70
9924 52
9925 23
9926 14
9927 52
9928 14
9929 83
9930 24
9931 166
9932 8
9933 10
9934 196
9935 28
9936 6
9937 44
9938 13
9939 16
9940 30
9941 33
9942 28
9943 48
9944 16
9945 18
9946 81
9947 32
9948 30
9949 217
9950 4
9951 14
9952 24
9953 5
9954 12
9955 22
9956 46
9957 18
9958 66
9959 32
9960 4
9961 166
9962 14
9963 10
9964 40
9965 37
9966 16
9967 128
9968 8
9969 112
9970 49
9971 40
9972 42
9973 17
9974 54
9975 4
9976 34
9977 58
9978 30
9979 42
9980 4
9981 116
9982 20
9983 30
9984 8
9985 61
9986 22
9987 26
9988 60
9989 80
9990 4
9991 20
9992 4
9993 94
9994 70
9995 4
9996 4
9997 59
9998 4
9999 2
